0	0	5876.84	8.268	0
5	0	5848.67	8.395	0
10	0	5825.33	8.444	0
15	0	5830.6	8.464	0
20	0	5835.4	8.473	0
25	0	5835.46	8.481	0
30	0	NaN	8.404	0
35	-0.01	NaN	8.413	0
40	0	NaN	8.421	0
45	0	NaN	8.425	0
50	NaN	NaN	8.431	0
55	0.02	NaN	8.434	0
60	0.01	NaN	8.437	0
65	0.01	NaN	8.438	0
70	0.01	NaN	8.441	0
75	0	NaN	8.441	0
80	0	NaN	34.915	0
85	0	NaN	60.023	0
90	0	NaN	60.102	0
95	0	NaN	60.119	0
100	0	NaN	60.124	0
105	0	NaN	60.129	0
110	0	NaN	60.134	0
115	0	NaN	60.138	0
120	0	NaN	60.141	0
125	0	NaN	60.146	0
130	0	NaN	60.149	0
135	0	NaN	60.155	0
140	0	NaN	60.158	0
145	0	NaN	60.161	0
150	0	NaN	60.167	0
155	0	NaN	60.17	0
160	0.02	NaN	60.174	0
165	0	6700.65	60.178	0
170	0	6702.02	60.181	0
175	0	6713.75	60.186	0
180	0	6750.28	60.189	0
185	0	6756.29	60.194	0
190	-0.01	6758.81	60.197	0
195	0	6761.07	60.2	0
200	-0.01	6795.38	60.203	0
205	0	6809.73	60.208	0
210	0	6811.94	60.212	0
215	0	6815.62	60.217	0
220	0	6819.47	60.22	0
225	0	6824.56	60.225	0
230	0	6826.92	60.228	0
235	0	6829.15	60.232	0
240	0	6884.68	60.235	0
245	0	6881.7	60.238	0
250	0	6885.88	60.242	0
255	0	6887.66	60.245	0
260	0	6890.65	60.247	0
265	0	6914.53	60.25	0
270	0	6939.13	60.254	0
275	0	6941.86	60.257	0
280	0	6942.98	60.261	0
285	0	6946.8	60.263	0
290	0	6954.38	60.267	0
295	0	6994.28	60.271	0
300	0	6997.2	60.272	0
305	0	6999.1	60.277	0
310	0	7004.06	60.279	0
315	0	7011.2	60.283	0
320	0	7050.28	60.286	0
325	0	7054.23	60.29	0
330	0	7056.51	60.292	0
335	0	7062.85	60.295	0
340	0	7065.79	60.299	0
345	0	7082.2	60.301	0
350	0	7109.24	60.305	0
355	0	7114.36	60.307	0
360	0.04	7120.06	60.31	0
365	0.03	7123.36	60.315	0
370	0.07	7123.81	60.317	0
375	0.08	7167.41	60.32	0
380	0.08	7173.09	60.322	0
385	0.12	7177.61	60.328	0
390	0.12	7174.46	60.331	0
395	0.12	7182.25	60.337	0
400	0.17	7214.42	60.339	0
405	0.18	7227.63	60.342	0
410	0.18	7230.95	60.343	0
415	0.23	7233.54	60.348	0
420	0.23	7238.16	60.35	0
425	0.23	7242.78	60.353	0
430	0.24	7280.87	60.355	0
435	0.29	7283.89	60.357	0
440	0.29	7288.1	60.36	0
445	0.29	7293.54	60.349	0
450	0.34	7300.09	60.319	0
455	0.35	7303.41	60.281	0
460	0.35	7337.31	60.295	0
465	0.35	7342.21	60.294	0
470	0.41	7348.09	60.296	0
475	0.41	7353.57	60.298	0
480	0.41	7354.56	60.301	0
485	0.47	7371.92	60.304	0
490	0.47	7396.67	60.307	0
495	0.47	7401.77	60.309	0
500	0.47	7406.26	60.312	0
505	0.53	7406.17	60.314	0
510	0.53	7411.21	60.317	0
515	0.52	7436.59	60.318	0
520	0.58	7454.38	60.32	0
525	0.58	7457.09	60.324	0
530	0.58	7457.79	60.326	0
535	0.59	7463.69	60.329	0
540	0.64	7469.26	60.33	0
545	0.64	7504.34	60.334	0
550	0.64	7507.14	60.336	0
555	NaN	7514.08	60.338	0
560	0.7	7517.01	60.34	0
565	0.71	7519.66	60.342	0
570	0.71	7528.14	60.344	0
575	0.73	7558	60.347	0
580	0.74	7566.9	60.349	0
585	0.74	7570.44	60.352	0
590	0.79	7571.92	60.354	0
595	0.8	7573.93	60.356	0
600	0.79	7611.49	60.357	0
605	NaN	7619	60.361	0
610	0.86	7620.32	60.363	0
615	0.86	7621.26	60.365	0
620	0.86	7625.55	60.366	0
625	0.92	7632.25	60.369	0
630	0.92	7667.8	60.37	0
635	0.92	7670.09	60.373	0
640	0.93	7674.42	60.378	0
645	0.98	7677.6	60.379	0
650	0.98	7683.2	60.384	0
655	0.98	7682.11	60.385	0
660	1.04	7719.29	60.388	1
665	1.03	7723.29	60.39	0
670	1.03	7729.81	60.393	0
675	1.04	7734.42	60.394	0
680	1.1	7735.48	60.396	0
685	1.09	7748.75	60.399	0
690	1.1	7774.67	60.402	0
695	1.15	7781.51	60.403	0
700	1.15	7783.43	60.404	0
705	1.15	7784.73	60.408	0
710	1.2	7787.2	60.41	0
715	1.2	7819.06	60.412	0
720	1.2	7830.03	60.414	0
725	1.21	7831.05	60.416	0
730	1.26	7836.7	60.419	0
735	1.26	7840.3	60.42	0
740	1.26	7848.25	60.423	0
745	1.26	7878.55	60.426	0
750	1.32	7879.06	60.427	0
755	1.32	7885.82	60.429	0
760	1.32	7891.14	60.432	0
765	1.37	7897.15	60.432	0
770	1.37	7898.21	60.434	0
775	1.37	7927.9	60.437	0
780	1.38	7933.17	60.439	0
785	1.44	7939.74	60.441	0
790	1.43	7939.95	60.441	0
795	1.43	7944.52	60.442	0
800	1.43	7958.94	60.445	0
805	1.48	7983.25	60.449	0
810	1.48	7990.72	60.448	0
815	1.49	7988.79	60.451	0
820	1.54	7994.45	60.452	0
825	1.55	7999.64	60.454	0
830	1.55	8017.86	60.456	0
835	1.55	8035.51	60.457	0
840	1.6	8035.71	60.463	0
845	1.6	8041.49	60.457	0
850	1.6	8044.74	60.46	0
855	1.65	8051.38	60.46	0
860	1.66	8081.85	60.463	0
865	1.65	8082.44	60.463	0
870	1.66	8089.16	60.465	0
875	1.71	8095.52	60.467	0
880	1.71	8098.81	60.469	0
885	1.7	8097.62	60.47	0
890	1.71	8127.06	60.471	0
895	1.76	8137.47	60.472	0
900	1.75	8142.86	60.476	0
905	1.76	8141.69	60.477	0
910	1.81	8146.56	60.477	0
915	1.81	8153.57	60.479	0
920	1.81	8182.81	60.482	0
925	1.87	8186.61	60.48	0
930	1.87	8188.78	60.482	0
935	1.87	8192.41	60.483	0
940	1.87	8200.47	60.485	0
945	1.92	8202.89	60.485	0
950	1.92	8231.3	60.486	0
955	1.93	8236	60.486	0
960	1.97	8241.03	60.488	0
965	1.98	8244.82	60.489	0
970	1.98	8246.14	60.489	0
975	1.98	8252.11	60.491	0
980	2.03	8281.9	60.493	0
985	2.03	8284.87	60.493	0
990	2.03	8293.22	60.495	0
995	2.08	8293.35	60.494	1
1000	2.09	8293.78	60.495	0
1005	2.09	8302.31	60.497	0
1010	2.09	8333.88	60.499	0
1015	2.09	8335.73	60.5	0
1020	2.15	8338.68	60.5	0
1025	2.15	8341.45	60.501	0
1030	2.15	8346.96	60.502	0
1035	2.21	8353.76	60.503	0
1040	2.21	8377.23	60.508	0
1045	2.2	8380.41	60.509	0
1050	2.21	8386.24	60.51	0
1055	2.27	8392.21	60.513	0
1060	2.27	8396.19	60.512	0
1065	2.27	8395.49	60.513	0
1070	2.31	8425.75	60.515	0
1075	2.31	8433.37	60.515	0
1080	2.31	8435.94	60.516	0
1085	2.31	8438.41	60.515	0
1090	2.37	8442.05	60.514	0
1095	2.37	8450.01	60.517	0
1100	2.37	8477.79	60.517	0
1105	2.38	8476.96	60.519	0
1110	2.43	8481.68	60.519	0
1115	2.43	8485.75	60.52	0
1120	2.43	8491.68	60.521	0
1125	2.43	8495.55	60.522	0
1130	2.48	8521.25	60.523	0
1135	2.48	8524.47	60.524	0
1140	2.49	8530.42	60.526	0
1145	2.53	8538.1	60.526	0
1150	2.54	8535.03	60.528	0
1155	2.54	8540.18	60.529	0
1160	2.53	8570.82	60.53	0
1165	2.59	8575.32	60.532	0
1170	2.59	8578.44	60.535	0
1175	2.59	8577.8	60.536	0
1180	2.66	8584.18	60.539	0
1185	2.66	8590.67	60.539	0
1190	2.65	8613.71	60.539	0
1195	2.65	8618.86	60.54	0
1200	2.71	8619.71	60.541	0
1205	2.71	8627.15	60.542	0
1210	2.7	8631.73	60.543	0
1215	2.7	8635.36	60.544	0
1220	2.77	8657.74	60.546	0
1225	2.76	8661.55	60.546	0
1230	2.77	8669.88	60.547	0
1235	2.77	8672.8	60.548	0
1240	2.82	8674.83	60.55	0
1245	2.82	NaN	60.552	0
1250	2.82	NaN	60.55	0
1255	2.89	NaN	60.554	0
1260	2.89	NaN	60.555	0
1265	2.88	NaN	60.556	0
1270	2.89	NaN	60.557	0
1275	2.93	NaN	60.557	0
1280	2.93	NaN	60.557	0
1285	2.93	NaN	60.558	0
1290	2.93	NaN	60.556	0
1295	2.99	NaN	60.556	0
1300	2.99	NaN	60.557	0
1305	2.99	NaN	60.559	0
1310	3	NaN	60.558	0
1315	3.05	8791.15	60.558	0
1320	3.05	8799.37	60.56	0
1325	3.05	8804.78	60.56	0
1330	3.1	8807.73	60.561	1
1335	3.12	8808.36	60.562	0
1340	3.11	8810.1	60.563	0
1345	3.11	8839.05	60.564	0
1350	3.11	8844.71	60.564	0
1355	3.17	8847.24	60.565	0
1360	3.17	8851.21	60.566	0
1365	3.17	8853.5	60.567	0
1370	3.22	8860.21	60.567	0
1375	3.22	8887.4	60.567	0
1380	3.22	8887.59	60.569	0
1385	3.23	8889.4	60.568	0
1390	3.27	8896.69	60.572	0
1395	3.28	8901.96	60.571	0
1400	3.28	8902.62	60.575	0
1405	3.28	8917.56	60.573	0
1410	3.33	8929.8	60.574	0
1415	3.34	8936.21	60.576	0
1420	3.34	8938.89	60.577	0
1425	3.33	8939.91	60.575	0
1430	3.39	8946.56	60.577	0
1435	3.39	8964.41	60.575	0
1440	3.39	8975.56	60.573	0
1445	NaN	8977.08	60.573	0
1450	3.45	8983.48	60.573	0
1455	3.45	8989.44	60.573	0
1460	3.45	8990.63	60.574	0
1465	3.5	9005.63	60.574	0
1470	3.5	9015.65	60.573	0
1475	3.5	9018.09	60.573	0
1480	3.54	9027.16	60.573	0
1485	3.54	9032.89	60.574	0
1490	3.54	9033.8	60.572	0
1495	3.54	9037.39	60.573	0
1500	3.59	9059.55	60.573	0
1505	3.59	9065.74	60.574	0
1510	3.59	9071.2	60.572	0
1515	3.64	9070.3	60.573	0
1520	3.65	9073.05	60.574	0
1525	3.65	9081.27	60.573	0
1530	3.65	9105.01	60.573	0
1535	3.71	9106.55	60.575	0
1540	3.7	9107.21	60.576	0
1545	3.7	9113.26	60.576	0
1550	3.75	9121.03	60.579	0
1555	3.75	9121.18	60.58	0
1560	3.75	9143.67	60.581	0
1565	3.75	9148.16	60.581	0
1570	3.8	9152.57	60.582	0
1575	3.8	9158.21	60.583	0
1580	3.81	9162.33	60.584	0
1585	3.81	9160.95	60.585	0
1590	3.86	9186.08	60.584	0
1595	3.87	9193.08	60.584	0
1600	3.87	9194.79	60.584	0
1605	3.91	9194.99	60.586	0
1610	3.92	9199.15	60.586	0
1615	3.92	9208.63	60.588	0
1620	3.97	9224.49	60.588	0
1625	3.97	9228.78	60.588	0
1630	3.98	9232.52	60.587	0
1635	3.98	9243.09	60.587	0
1640	NaN	9246.7	60.588	0
1645	4.02	9249.05	60.587	0
1650	4.02	9254.58	60.588	0
1655	4.02	9271.23	60.589	0
1660	4.07	9278.63	60.591	0
1665	4.07	9280.43	60.592	0
1670	4.07	9282.39	60.593	0
1675	4.07	9283.95	60.593	0
1680	4.13	9283.92	60.592	1
1685	4.13	9318.32	60.593	0
1690	4.14	9319.14	60.594	0
1695	4.14	9320.16	60.595	0
1700	4.19	9325.79	60.594	0
1705	4.19	9330.29	60.595	0
1710	4.19	9334.27	60.596	0
1715	4.19	9350.6	60.596	0
1720	4.25	9355.57	60.597	0
1725	4.25	9360.62	60.597	0
1730	4.25	9367.95	60.598	0
1735	4.29	9370.61	60.597	0
1740	4.29	9370.67	60.598	0
1745	4.29	9391.41	60.598	0
1750	4.29	9402.31	60.597	0
1755	4.35	9404.68	60.599	0
1760	4.35	9403.49	60.599	0
1765	4.35	9408.37	60.598	0
1770	4.35	9416.43	60.599	0
1775	4.4	9426.34	60.599	0
1780	4.4	9434.49	60.6	0
1785	4.4	9441.61	60.599	0
1790	4.4	9445.29	60.599	0
1795	4.46	9454.89	60.599	0
1800	4.46	9457.81	60.599	0
1805	4.46	9454.5	60.599	0
1810	4.46	9476.36	60.599	0
1815	4.51	9481.8	60.598	0
1820	4.51	9487.7	60.599	0
1825	4.51	9488.26	60.599	0
1830	4.56	9492.4	60.6	0
1835	4.57	9495.85	60.599	0
1840	4.57	9517.09	60.599	0
1845	4.6	9522.52	60.599	0
1850	4.6	9523.38	60.598	0
1855	4.6	9527.22	60.599	0
1860	4.6	9531.61	60.597	0
1865	4.66	9537.98	60.597	0
1870	4.66	9547.76	60.598	0
1875	4.66	9559.26	60.598	0
1880	4.67	9561.81	60.597	0
1885	4.72	9568.79	60.597	0
1890	4.72	9575.93	60.598	0
1895	4.72	9574.65	60.597	0
1900	4.77	9578.4	60.597	0
1905	4.77	9598.04	60.597	0
1910	4.77	9604.6	60.596	0
1915	4.81	9608.46	60.596	0
1920	4.81	9607.61	60.596	0
1925	4.81	9612.43	60.596	0
1930	4.81	9616.64	60.596	0
1935	4.87	9635.48	60.595	0
1940	4.87	9637.29	60.595	0
1945	4.87	9641.93	60.595	0
1950	4.87	9648.87	60.594	0
1955	4.92	9653.69	60.593	0
1960	4.92	9656.42	60.594	0
1965	4.92	9657.32	60.592	0
1970	4.97	9676.73	60.592	0
1975	4.97	9685.77	60.592	0
1980	4.97	9690.18	60.59	0
1985	4.97	9689.62	60.591	0
1990	4.97	9692	60.592	0
1995	5.02	9699.38	60.591	0
2000	5.03	9717.64	60.591	0
2005	5.03	9718.63	60.59	0
2010	5.08	9720.18	60.589	0
2015	5.09	9727.35	60.589	0
2020	5.09	9734.17	60.587	0
2025	5.09	9736.92	60.588	0
2030	5.13	9751.29	60.587	1
2035	5.16	9754.48	60.587	0
2040	5.16	9764.73	60.587	0
2045	5.16	9767.69	60.586	0
2050	5.16	9768.06	60.587	0
2055	5.21	9770.86	60.588	0
2060	5.21	9778.05	60.587	0
2065	5.21	9797.7	60.587	0
2070	5.27	9798.89	60.586	0
2075	5.27	9799.96	60.586	0
2080	5.27	9805.14	60.586	0
2085	5.27	9810.94	60.586	0
2090	5.31	9813.99	60.585	0
2095	5.32	9828	60.584	0
2100	5.32	9833.87	60.584	0
2105	5.32	9838.88	60.583	0
2110	5.37	9845.14	60.584	0
2115	5.37	9846.93	60.582	0
2120	5.37	9848.27	60.582	0
2125	5.37	9870.19	60.585	0
2130	5.43	9874.17	60.587	0
2135	5.43	9878.72	60.585	0
2140	5.43	9876.97	60.585	0
2145	5.45	9881.69	60.584	0
2150	5.48	9890.9	60.585	0
2155	5.48	9887.25	60.583	0
2160	5.48	9906.63	60.583	0
2165	5.53	9908.33	60.584	0
2170	5.53	9912.24	60.583	0
2175	5.53	9921.46	60.584	0
2180	5.53	9923.59	60.582	0
2185	5.59	9927.84	60.582	0
2190	5.58	9941.57	60.582	0
2195	5.58	NaN	60.582	0
2200	NaN	NaN	60.581	0
2205	5.63	NaN	60.579	0
2210	5.63	NaN	60.58	0
2215	5.64	NaN	60.579	0
2220	5.68	NaN	60.578	0
2225	5.68	NaN	60.577	0
2230	5.68	NaN	60.576	0
2235	5.68	NaN	60.575	0
2240	5.73	NaN	60.574	0
2245	5.74	NaN	60.572	0
2250	5.74	NaN	60.572	0
2255	5.74	NaN	60.572	0
2260	5.79	NaN	60.571	0
2265	5.8	10021.67	60.536	0
2270	5.8	10026.92	60.49	0
2275	5.85	10031.59	60.448	0
2280	5.85	10033.51	60.439	0
2285	5.85	10035.87	60.446	0
2290	5.85	10042.96	60.446	0
2295	5.89	10056.63	60.447	0
2300	5.89	10058.64	60.447	0
2305	5.89	10058.18	60.446	0
2310	5.89	10067.62	60.447	0
2315	5.95	10075.56	60.447	0
2320	5.95	10076.47	60.447	0
2325	5.94	10084.36	60.447	0
2330	6	10087.46	60.448	0
2335	6	10100.71	60.447	0
2340	6	10102.03	60.448	0
2345	6.01	10101.73	60.447	0
2350	6.06	10105.6	60.448	0
2355	6.06	10118.53	60.448	0
2360	6.06	10129.86	60.449	0
2365	6.05	10132.32	60.449	0
2370	6.1	10132.65	60.449	0
2375	6.11	10135.13	60.449	0
2380	6.1	10143.6	60.45	0
2385	6.1	10150.12	60.451	0
2390	6.16	10158.89	60.45	1
2395	6.19	10159.81	60.45	0
2400	6.19	10166.91	60.452	0
2405	6.19	10175.04	60.451	0
2410	6.19	10176.63	60.452	0
2415	6.25	10180.04	60.452	0
2420	6.25	10189.48	60.453	0
2425	6.25	10198.47	60.453	0
2430	6.24	10206.59	60.451	0
2435	6.29	10202.34	60.45	0
2440	6.3	10205.2	60.451	0
2445	6.3	10217.55	60.451	0
2450	6.36	10230.61	60.453	0
2455	6.35	10230.83	60.453	0
2460	6.35	10230.48	60.453	0
2465	6.35	10237.47	60.452	0
2470	6.4	10242.39	60.453	0
2475	6.4	10246.56	60.453	0
2480	6.4	10254.46	60.453	0
2485	6.4	10262.25	60.454	0
2490	6.45	10267.31	60.454	0
2495	6.45	10272.28	60.454	0
2500	6.45	10274.72	60.455	0
2505	6.49	10277.98	60.457	0
2510	6.5	10289.96	60.456	0
2515	6.5	10296.06	60.454	0
2520	6.5	10303.64	60.456	0
2525	6.55	10302.54	60.457	0
2530	6.55	10307.02	60.456	0
2535	6.55	10314.05	60.456	0
2540	6.55	10325.91	60.456	0
2545	6.61	10328.84	60.456	0
2550	6.61	10328.28	60.456	0
2555	6.61	10336.3	60.457	0
2560	6.61	10342.33	60.457	0
2565	6.66	10347.51	60.457	0
2570	6.66	10348.72	60.457	0
2575	6.66	10361.99	60.457	0
2580	6.71	10366.79	60.456	0
2585	6.71	10372.21	60.457	0
2590	6.71	10375.38	60.456	0
2595	6.71	10371.5	60.455	0
2600	6.76	10372.76	60.454	0
2605	6.77	10390.43	60.454	0
2610	6.76	10401.91	60.453	0
2615	6.76	10398.69	60.457	0
2620	6.81	10400.91	60.455	0
2625	6.82	10411.36	60.455	0
2630	6.81	10412.82	60.455	0
2635	6.81	10424.37	60.454	0
2640	6.87	10426.35	60.454	0
2645	6.87	10433.71	60.455	0
2650	6.87	10439.97	60.457	0
2655	6.87	10442.07	60.456	0
2660	6.93	10443.62	60.457	0
2665	6.92	10453.28	60.455	0
2670	6.92	10460.67	60.455	0
2675	6.92	10462.54	60.456	0
2680	6.97	10470.15	60.454	0
2685	6.98	10472.32	60.457	0
2690	6.98	10473.72	60.456	0
2695	6.98	10489.79	60.456	0
2700	7.04	10495.55	60.455	0
2705	7.04	10493.8	60.453	0
2710	7.04	10494.92	60.454	0
2715	7.06	10502.84	60.455	0
2720	7.06	10508.63	60.455	0
2725	7.07	10512.6	60.454	0
2730	7.07	10518.06	60.455	0
2735	7.12	10524.22	60.456	0
2740	7.13	10532.38	60.456	0
2745	7.13	10536.9	60.456	0
2750	NaN	10533.6	60.457	0
2755	7.19	10536.17	60.457	1
2760	7.21	10550.3	60.459	0
2765	7.21	10556.24	60.459	0
2770	7.2	10557.9	60.46	0
2775	7.2	10562.25	60.461	0
2780	7.26	10565.88	60.463	0
2785	7.26	10573.33	60.466	0
2790	7.26	10580.92	60.465	0
2795	7.26	10583.98	60.465	0
2800	7.31	10586.64	60.467	0
2805	7.31	10592.65	60.468	0
2810	7.31	10595.28	60.468	0
2815	7.32	10598.81	60.47	0
2820	7.36	10605.87	60.47	0
2825	7.36	10613.34	60.471	0
2830	7.37	10623.51	60.472	0
2835	7.4	10622.39	60.472	0
2840	7.39	10624.16	60.472	0
2845	7.4	10629.39	60.473	0
2850	7.4	10640.46	60.472	0
2855	7.45	10647.4	60.473	0
2860	7.45	10648.77	60.473	0
2865	7.45	10649.55	60.474	0
2870	7.51	10658.27	60.475	0
2875	7.51	10663.61	60.476	0
2880	7.51	10668.17	60.475	0
2885	7.51	10673.76	60.477	0
2890	7.57	10678.73	60.477	0
2895	7.57	10684.33	60.478	0
2900	7.56	10688.65	60.479	0
2905	7.57	10689.68	60.479	0
2910	7.62	10691.2	60.478	0
2915	7.62	10704.33	60.479	0
2920	7.62	10710.41	60.48	0
2925	7.62	10711.28	60.48	0
2930	7.67	10713.27	60.481	0
2935	7.66	10720.04	60.481	0
2940	7.67	10725.54	60.48	0
2945	7.67	10737.75	60.48	0
2950	7.71	10737.51	60.48	0
2955	7.72	10740.77	60.481	0
2960	7.72	10747.59	60.481	0
2965	7.72	10752.87	60.482	0
2970	7.78	10754.49	60.482	0
2975	7.78	10759.73	60.482	0
2980	7.78	10766.25	60.48	0
2985	7.79	10773.51	60.482	0
2990	7.83	10778.67	60.48	0
2995	7.83	10778.14	60.481	0
3000	7.84	10778.14	60.433	0
3005	7.86	10781.03	60.388	0
3010	7.86	10802	60.375	0
3015	7.86	10799.12	60.378	0
3020	7.91	10799.7	60.379	0
3025	7.92	10804.99	60.379	0
3030	7.92	10816.03	60.38	0
3035	7.91	10814.68	60.38	0
3040	7.97	10820.3	60.381	0
3045	7.97	10825.63	60.382	0
3050	7.97	10832.27	60.379	0
3055	8.02	10840.57	60.381	0
3060	8.02	10840.87	60.379	0
3065	8.02	10842.59	60.378	0
3070	8.02	10851.64	60.379	0
3075	8.06	10858.45	60.378	0
3080	8.07	10862.64	60.38	0
3085	8.06	10864.75	60.38	0
3090	8.07	10865.86	60.381	0
3095	8.07	10874.58	60.383	0
3100	8.12	10882.72	60.382	0
3105	8.12	10883.86	60.384	0
3110	8.12	10887.98	60.385	0
3115	8.18	10891.44	60.385	0
3120	8.18	10900.88	60.386	0
3125	8.18	10902.76	60.386	0
3130	8.19	10904.03	60.385	0
3135	NaN	10907.15	60.385	0
3140	8.23	10918.41	60.387	1
3145	8.26	NaN	60.388	0
3150	8.26	NaN	60.388	0
3155	8.25	NaN	60.388	0
3160	8.25	NaN	60.39	0
3165	8.31	NaN	60.391	0
3170	8.31	NaN	60.393	0
3175	8.31	NaN	60.392	0
3180	8.37	NaN	60.393	0
3185	8.37	NaN	60.393	0
3190	8.37	NaN	60.395	0
3195	8.36	NaN	60.396	0
3200	8.37	NaN	60.397	0
3205	8.42	NaN	60.397	0
3210	8.42	NaN	60.398	0
3215	8.42	10983.55	60.397	0
3220	8.48	10986.15	60.399	0
3225	8.48	10986.56	60.4	0
3230	8.48	10990.99	60.399	0
3235	8.49	11000.06	60.4	0
3240	8.5	11011.15	60.401	0
3245	8.51	11011.01	60.4	0
3250	8.51	11009.59	60.402	0
3255	NaN	11016	60.402	0
3260	8.57	11023.15	60.403	0
3265	8.57	11027.13	60.403	0
3270	8.57	11025.43	60.405	0
3275	8.62	11037.22	60.404	0
3280	8.62	11043.09	60.406	0
3285	8.63	11047.89	60.406	0
3290	8.63	11051.69	60.406	0
3295	8.69	11049.16	60.407	0
3300	8.69	11057.94	60.409	0
3305	8.69	11064.76	60.41	0
3310	8.69	11071.6	60.411	0
3315	8.69	11070.27	60.411	0
3320	8.75	11075.78	60.412	0
3325	8.75	11086.61	60.412	0
3330	8.74	11088.47	60.412	0
3335	8.75	11088.82	60.413	0
3340	8.8	11092.36	60.411	0
3345	8.8	11100.82	60.414	0
3350	8.8	11106.66	60.414	0
3355	8.8	11107.6	60.417	0
3360	8.86	11106.92	60.418	0
3365	8.85	11116.61	60.419	0
3370	8.86	11128.29	60.418	0
3375	8.9	11128.28	60.419	0
3380	8.91	11127.65	60.421	0
3385	8.91	11130.08	60.421	0
3390	8.91	11138.04	60.421	0
3395	8.9	11143.21	60.421	0
3400	8.96	11150.82	60.421	0
3405	8.96	11152.51	60.421	0
3410	8.96	11155.86	60.421	0
3415	NaN	11164.12	60.423	0
3420	9.02	11166.12	60.423	0
3425	9.01	11171.3	60.424	0
3430	9.01	11168.67	60.423	0
3435	9.02	11176.61	60.424	0
3440	9.08	11189.53	60.426	0
3445	9.07	11188.03	60.424	0
3450	9.07	11188.47	60.421	0
3455	9.07	11191.86	60.421	0
3460	9.13	11202.86	60.422	0
3465	9.12	11207.12	60.423	0
3470	9.12	11207.6	60.423	0
3475	9.13	11209.35	60.423	0
3480	9.19	11220.38	60.424	0
3485	9.19	11223.18	60.426	0
3490	9.19	11228.18	60.427	0
3495	9.19	11227.74	60.429	0
3500	9.23	11235.59	60.427	1
3505	9.22	11240.98	60.428	0
3510	9.22	11241.56	60.427	0
3515	9.22	11242.67	60.427	0
3520	9.22	11248.23	60.428	0
3525	9.28	11245.79	60.428	0
3530	9.28	11261.3	60.427	0
3535	9.28	11263.28	60.428	0
3540	9.27	11263.21	60.428	0
3545	9.32	11269.97	60.428	0
3550	9.32	11273.76	60.429	0
3555	9.32	11277.06	60.428	0
3560	9.33	11278.2	60.428	0
3565	9.38	11297.31	60.429	0
3570	9.39	11306.66	60.427	0
3575	9.38	11311.01	60.427	0
3580	9.38	11311.08	60.425	0
3585	9.44	11313.01	60.427	0
3590	9.44	11301.53	60.425	0
3595	9.44	11327.73	60.425	0
3600	9.45	11330.17	60.425	0
3605	9.5	11329.87	60.424	0
3610	9.49	11329.87	60.426	0
3615	9.51	11343.4	60.426	0
3620	9.51	11351.34	60.427	0
3625	9.51	11351.28	60.428	0
3630	9.52	11354.23	60.428	0
3635	9.57	11358.18	60.427	0
3640	9.57	11364.7	60.428	0
3645	9.57	11370.9	60.426	0
3650	NaN	11369.69	60.427	0
3655	9.62	11370.1	60.427	0
3660	9.62	11380.13	60.428	0
3665	9.62	11385.72	60.428	0
3670	9.66	11385.25	60.429	0
3675	9.68	11387.99	60.429	0
3680	9.68	11395.59	60.429	0
3685	9.68	11403.03	60.431	0
3690	9.68	11405.97	60.432	0
3695	9.73	11407.02	60.43	0
3700	9.74	11412.85	60.431	0
3705	9.74	11420	60.432	0
3710	9.74	11421.18	60.432	0
3715	9.79	11425.18	60.431	0
3720	9.79	11427.15	60.432	0
3725	9.79	11433.51	60.431	0
3730	9.84	11440.31	60.432	0
3735	9.84	11441.43	60.432	0
3740	9.84	11442.06	60.431	0
3745	9.87	11447.34	60.434	0
3750	9.88	11459.86	60.432	0
3755	9.88	11447.93	60.43	0
3760	9.87	11455.33	60.432	0
3765	9.88	11460.95	60.432	0
3770	9.94	11471.1	60.431	0
3775	9.94	11476.56	60.43	0
3780	9.93	11481.34	60.43	0
3785	9.99	11480.18	60.431	0
3790	9.99	11482.51	60.431	0
3795	10	11488.84	60.432	0
3800	9.99	11495.67	60.432	0
3805	10.04	11495.91	60.431	0
3810	10.04	11499.36	60.429	0
3815	10.04	11507.03	60.432	0
3820	10.04	11503.16	60.431	0
3825	10.05	11514.58	60.432	0
3830	10.1	11517.25	60.431	0
3835	10.1	11520.71	60.43	0
3840	10.1	11528.02	60.43	0
3845	10.1	11534.89	60.43	0
3850	10.15	11527.99	60.431	0
3855	10.15	11522.43	60.43	0
3860	10.15	11543.04	60.432	0
3865	10.2	11546.48	60.43	0
3870	10.2	11549.81	60.429	0
3875	10.21	11552.29	60.431	0
3880	10.22	11556.74	60.43	0
3885	10.26	11566.36	60.431	1
