0	-0.04	131.81	10.045	0
5	-0.03	131.84	10.126	0
10	-0.04	131.99	13.411	0
15	-0.03	132.02	13.516	0
20	-0.03	132.04	13.455	0
25	-0.03	131.98	13.468	0
30	-0.03	131.92	13.479	0
35	-0.03	132.04	13.484	0
40	-0.04	132.15	13.488	0
45	-0.03	132.05	13.488	0
50	-0.03	132.05	13.489	0
55	-0.03	132.11	13.488	0
60	-0.03	132.11	13.488	0
65	-0.03	132.2	13.487	0
70	-0.03	132.1	13.484	0
75	-0.03	132.22	13.484	0
80	-0.03	132.15	13.482	0
85	-0.04	132.24	13.481	0
90	-0.03	132.35	13.479	0
95	-0.03	132.22	13.478	0
100	-0.04	132.17	13.477	0
105	-0.03	132.35	13.474	0
110	-0.02	132.37	13.473	0
115	-0.02	132.24	13.471	0
120	-0.02	132.38	13.469	0
125	-0.02	132.29	13.469	0
130	-0.03	132.39	13.467	0
135	-0.01	132.49	13.467	0
140	-0.01	132.44	13.467	0
145	-0.02	132.43	13.465	0
150	-0.02	132.48	13.464	0
155	-0.02	132.54	13.461	0
160	-0.02	132.56	13.461	0
165	-0.02	132.52	13.46	0
170	-0.02	132.51	13.457	0
175	-0.02	132.61	13.456	0
180	-0.01	132.63	39.87	0
185	-0.03	132.72	56.821	0
190	-0.03	132.8	57.246	0
195	-0.02	132.91	57.548	0
200	-0.02	133.01	57.737	0
205	-0.02	133.09	57.872	0
210	-0.02	133.19	57.968	0
215	-0.02	133.36	58.039	0
220	-0.02	133.49	58.093	0
225	-0.03	133.57	58.136	0
230	-0.02	133.65	58.17	0
235	-0.02	133.77	58.199	0
240	-0.03	134.33	58.221	0
245	-0.03	153.88	58.239	0
250	-0.02	161.24	58.254	0
255	-0.02	167.19	58.266	0
260	-0.02	179	58.278	0
265	-0.02	179.62	58.287	0
270	-0.02	191.66	58.293	0
275	-0.03	193.95	58.299	0
280	-0.03	204.68	58.305	0
285	-0.02	209.78	58.308	0
290	-0.02	218.78	58.309	0
295	-0.02	218.91	58.311	0
300	-0.03	219.01	58.312	0
305	-0.02	219.28	58.313	0
310	-0.02	219.56	58.312	0
315	-0.03	220.97	58.308	0
320	-0.03	221.51	58.309	0
325	-0.03	222.18	58.305	0
330	-0.03	222.97	58.304	0
335	-0.02	223.63	58.302	0
340	0.01	237.72	58.301	0
345	0.01	245.92	58.298	0
350	0.05	249.12	58.295	0
355	0.04	249.72	58.291	0
360	0.1	250.1	58.29	0
365	0.1	250.47	58.285	0
370	0.14	250.66	58.283	0
375	0.14	251.02	58.279	0
380	0.18	251.45	58.276	0
385	0.19	251.78	58.271	0
390	0.23	258.93	58.268	0
395	0.24	263.61	58.263	0
400	0.27	267.48	58.261	0
405	0.26	270.67	58.256	0
410	0.33	272.09	58.252	0
415	0.33	272.51	58.247	0
420	0.37	272.72	58.241	0
425	0.37	277.98	58.236	0
430	0.43	281.5	58.231	0
435	0.42	285.42	58.226	0
440	0.43	289.55	58.22	0
445	0.47	292.23	58.215	0
450	0.48	294.71	58.21	0
455	0.53	297.92	58.204	0
460	0.53	301.38	58.198	0
465	0.57	305.02	58.19	0
470	0.57	309.08	58.186	0
475	0.62	NaN	58.179	0
480	0.62	NaN	58.171	0
485	0.68	NaN	58.166	0
490	0.66	NaN	58.16	0
495	0.73	NaN	58.154	0
500	0.72	NaN	58.148	0
505	NaN	NaN	58.142	0
510	0.77	NaN	58.135	0
515	0.77	NaN	58.129	0
520	0.81	NaN	58.124	0
525	0.81	NaN	58.117	0
530	0.86	NaN	58.111	0
535	0.87	NaN	58.104	0
540	0.91	NaN	58.097	0
545	0.92	NaN	58.09	0
550	0.97	NaN	58.086	1
555	0.99	NaN	58.077	0
560	1.02	NaN	58.073	0
565	1.03	NaN	58.066	0
570	1.03	NaN	58.06	0
575	1.08	NaN	58.053	0
580	1.08	NaN	58.047	0
585	1.11	NaN	58.039	0
590	1.12	NaN	58.033	0
595	1.16	NaN	58.026	0
600	1.17	NaN	58.02	0
605	1.22	NaN	58.013	0
610	1.22	407.52	58.007	0
615	1.27	410.91	58	0
620	1.27	414.16	57.992	0
625	1.28	417.53	57.986	0
630	1.3	421.11	57.98	0
635	1.36	424.51	57.972	0
640	1.35	427.83	57.966	0
645	1.36	431.11	57.958	0
650	1.4	434.33	57.953	0
655	1.4	437.79	57.946	0
660	1.46	441.11	57.938	0
665	1.46	444.33	57.931	0
670	1.51	472.47	57.924	0
675	1.5	479.26	57.918	0
680	1.51	482.22	57.91	0
685	1.56	485.28	57.905	0
690	1.56	488.46	57.896	0
695	1.61	491.2	57.89	0
700	1.61	494.93	57.882	0
705	1.63	497.37	57.876	0
710	1.65	500.81	57.869	0
715	1.67	503.28	57.863	0
720	1.72	506.46	57.855	0
725	1.72	509.58	57.848	0
730	1.77	512.11	57.842	0
735	1.77	515.35	57.836	0
740	1.83	518.37	57.828	0
745	1.82	521.11	57.822	0
750	1.84	524.28	57.814	0
755	1.87	527	57.809	0
760	1.87	529.74	57.801	0
765	1.9	532.88	57.795	0
770	1.91	535.93	57.788	0
775	1.94	538.42	57.782	0
780	1.95	541.37	57.775	0
785	2.01	544.2	57.768	1
790	2	547.35	57.761	0
795	2	549.88	57.755	0
800	2.03	552.89	57.747	0
805	2.04	555.16	57.742	0
810	2.09	558.1	57.736	0
815	2.11	560.67	57.728	0
820	2.14	563.82	57.723	0
825	2.14	566.3	57.716	0
830	2.15	568.91	57.709	0
835	2.17	571.78	57.703	0
840	2.19	574.54	57.697	0
845	2.23	577.45	57.692	0
850	2.23	579.89	57.685	0
855	2.28	582.63	57.679	0
860	2.28	585.2	57.673	0
865	2.33	588.33	57.666	0
870	2.33	590.42	57.66	0
875	2.33	593.04	57.656	0
880	2.37	595.66	57.649	0
885	2.37	598.33	57.642	0
890	NaN	601.08	57.636	0
895	2.42	603.42	57.63	0
900	2.44	606.1	57.624	0
905	2.49	608.42	57.618	0
910	2.48	611.43	57.613	0
915	2.54	613.69	57.607	0
920	2.54	616.41	57.601	0
925	2.54	618.85	57.596	0
930	2.59	621.69	57.59	0
935	2.58	624.23	57.583	0
940	2.64	626.8	57.577	0
945	2.64	628.99	57.572	0
950	2.63	632.05	57.566	0
955	2.69	634.83	57.561	0
960	2.69	637.44	57.556	0
965	2.74	640.02	57.551	0
970	2.74	642.62	57.545	0
975	2.75	645.48	57.539	0
980	2.8	648.17	57.534	0
985	2.82	650.78	57.529	0
990	2.86	653.2	57.524	0
995	2.86	656.19	57.519	0
1000	2.87	658.98	57.514	0
1005	2.9	661.5	57.508	0
1010	2.91	663.96	57.504	0
1015	2.97	666.55	57.5	0
1020	2.96	669.6	57.493	0
1025	2.96	672.26	57.488	0
1030	3.02	674.71	57.483	1
1035	3.04	677.46	57.48	0
1040	3.03	679.99	57.475	0
1045	3.1	683.05	57.47	0
1050	3.1	685.39	57.466	0
1055	3.1	687.87	57.461	0
1060	3.14	690.65	57.457	0
1065	3.12	693.45	57.451	0
1070	3.18	696.13	57.448	0
1075	3.19	698.42	57.443	0
1080	3.23	701	57.438	0
1085	3.23	703.9	57.435	0
1090	3.27	706.66	57.43	0
1095	3.29	709.05	57.426	0
1100	NaN	711.42	57.422	0
1105	3.33	714.25	57.418	0
1110	3.34	717.01	57.414	0
1115	3.36	719.7	57.411	0
1120	3.36	722.08	57.407	0
1125	3.41	724.65	57.403	0
1130	3.42	727.53	57.4	0
1135	3.47	730.17	57.396	0
1140	3.46	732.73	57.393	0
1145	3.51	735.12	57.388	0
1150	3.52	737.85	57.384	0
1155	3.52	740.66	57.382	0
1160	3.56	743.36	57.379	0
1165	3.55	745.6	57.376	0
1170	3.57	748.14	57.372	0
1175	3.62	751.11	57.369	0
1180	3.6	753.73	57.366	0
1185	3.67	756.24	57.363	0
1190	3.67	758.52	57.36	0
1195	3.73	761.11	57.357	0
1200	3.72	763.99	57.355	0
1205	3.73	766.68	57.352	0
1210	3.78	768.91	57.348	0
1215	3.79	771.28	57.345	0
1220	3.84	774.06	57.343	0
1225	3.82	776.73	57.341	0
1230	3.84	779.33	57.338	0
1235	3.9	781.57	57.336	0
1240	3.89	784.12	57.333	0
1245	3.89	786.79	57.331	0
1250	3.94	789.55	57.327	0
1255	3.93	791.93	57.325	0
1260	3.94	794.15	57.323	0
1265	3.99	796.88	57.32	0
1270	3.99	799.56	57.318	0
1275	4.05	802.05	57.316	1
1280	4.03	804.33	57.314	0
1285	4.07	806.71	57.312	0
1290	4.07	809.35	57.31	0
1295	4.13	812.11	57.308	0
1300	4.12	814.4	57.307	0
1305	4.16	816.48	57.304	0
1310	4.16	819.33	57.302	0
1315	4.21	821.94	57.299	0
1320	4.22	824.45	57.298	0
1325	4.21	826.65	57.297	0
1330	4.27	828.93	57.295	0
1335	4.27	831.63	57.293	0
1340	4.32	834.21	57.291	0
1345	4.32	836.62	57.29	0
1350	4.32	838.68	57.287	0
1355	4.37	841.25	57.286	0
1360	4.37	843.84	57.283	0
1365	4.42	846.46	57.281	0
1370	4.42	848.62	57.28	0
1375	4.42	850.71	57.279	0
1380	4.47	853.28	57.279	0
1385	4.48	855.92	57.276	0
1390	4.53	858.21	57.275	0
1395	4.53	860.28	57.273	0
1400	4.53	862.79	57.271	0
1405	4.58	865.48	57.269	0
1410	4.57	867.94	57.269	0
1415	4.62	870.16	57.268	0
1420	4.63	872.08	57.267	0
1425	4.63	874.76	57.265	0
1430	4.68	877.27	57.263	0
1435	4.68	879.77	57.262	0
1440	4.74	881.81	57.261	0
1445	4.74	883.99	57.259	0
1450	4.74	886.56	57.259	0
1455	4.79	888.98	57.257	0
1460	4.79	891.1	57.256	0
1465	4.79	893.19	57.256	0
1470	4.85	895.73	57.254	0
1475	4.85	898.21	57.252	0
1480	4.9	900.57	57.252	0
1485	4.9	902.6	57.251	0
1490	4.9	904.77	57.248	0
1495	4.95	907.36	57.248	0
1500	4.94	909.82	57.246	0
1505	NaN	911.82	57.245	0
1510	5	913.77	57.243	0
1515	5	916.17	57.243	0
1520	5.06	918.81	57.241	1
1525	5.07	921.2	57.24	0
1530	5.07	923.1	57.239	0
1535	5.13	925.27	57.238	0
1540	5.12	927.69	57.237	0
1545	5.12	930.15	57.235	0
1550	5.17	932.39	57.236	0
1555	5.17	934.15	57.234	0
1560	NaN	936.55	57.234	0
1565	5.23	939.08	57.231	0
1570	5.23	941.49	57.231	0
1575	NaN	943.45	57.231	0
1580	5.28	945.38	57.228	0
1585	5.29	947.82	57.229	0
1590	5.35	950.23	57.228	0
1595	5.34	952.47	57.226	0
1600	5.35	954.27	57.224	0
1605	5.39	956.51	57.226	0
1610	5.39	959.13	57.223	0
1615	5.44	961.35	57.223	0
1620	5.44	963.23	57.222	0
1625	5.45	965.08	57.221	0
1630	5.5	967.42	57.219	0
1635	5.5	969.91	57.218	0
1640	5.55	972.17	57.217	0
1645	5.55	973.86	57.216	0
1650	5.56	976.09	57.216	0
1655	5.6	978.58	57.214	0
1660	5.6	980.83	57.212	0
1665	5.65	982.66	57.212	0
1670	5.65	984.59	57.213	0
1675	5.67	986.87	57.21	0
1680	5.67	989.37	57.209	0
1685	5.67	991.51	57.208	0
1690	5.72	993.31	57.206	0
1695	5.72	995.26	57.206	0
1700	5.79	997.53	57.206	0
1705	5.79	999.89	57.204	0
1710	NaN	1001.92	57.204	0
1715	5.84	1003.67	57.204	0
1720	5.83	1005.79	57.201	0
1725	5.89	1008.31	57.201	0
1730	5.89	1010.37	57.201	0
1735	5.88	1012.39	57.2	0
1740	5.94	1014.41	57.198	0
1745	5.93	1016.77	57.197	0
1750	5.97	1019.25	57.197	0
1755	5.97	1021.67	57.195	0
1760	NaN	1023.47	57.195	0
1765	6.03	1025.68	57.194	0
1770	6.03	1028.23	57.193	0
1775	6.08	1030.63	57.192	1
1780	6.11	1032.36	57.192	0
1785	6.1	1034.41	57.192	0
1790	6.1	1036.72	57.189	0
1795	6.16	1039.17	57.19	0
1800	6.16	1041.37	57.188	0
1805	6.22	1043.13	57.187	0
1810	6.22	1045.28	57.188	0
1815	6.21	1047.62	57.187	0
1820	6.2	1050.1	57.185	0
1825	6.28	1051.97	57.185	0
1830	6.28	1053.69	57.184	0
1835	6.28	1055.92	57.184	0
1840	6.33	1058.4	57.185	0
1845	6.33	1060.71	57.185	0
1850	NaN	1062.36	57.185	0
1855	6.39	1064.37	57.184	0
1860	6.39	1066.64	57.183	0
1865	6.46	1069.07	57.183	0
1870	6.46	1070.94	57.182	0
1875	6.46	1072.63	57.18	0
1880	6.52	1074.99	57.179	0
1885	6.51	1077.23	57.176	0
1890	6.53	1079.49	57.178	0
1895	6.58	1081.25	57.176	0
1900	6.58	1082.96	57.175	0
1905	6.56	1085.22	57.174	0
1910	6.63	1087.59	57.174	0
1915	6.63	1089.43	57.172	0
1920	6.63	1091.15	57.172	0
1925	6.65	1093.24	57.172	0
1930	6.66	1095.55	57.17	0
1935	6.72	1097.85	57.17	0
1940	6.72	1099.48	57.169	0
1945	6.71	1101.27	57.167	0
1950	6.78	1103.38	57.166	0
1955	6.78	1105.52	57.165	0
1960	6.84	1107.8	57.165	0
1965	6.84	1109.22	57.165	0
1970	6.84	1111.3	57.164	0
1975	6.89	1113.55	57.163	0
1980	6.89	1115.66	57.162	0
1985	6.9	1117.39	57.161	0
1990	6.95	1118.98	57.16	0
1995	6.95	1121.15	57.16	0
2000	6.95	1123.46	57.159	0
2005	7	1125.56	57.156	0
2010	7.01	1127.02	57.156	0
2015	7.01	1128.8	57.157	0
2020	7.05	1131.21	57.155	0
2025	7.06	1133.32	57.153	0
2030	7.11	1134.99	57.153	1
2035	7.1	1136.5	57.154	0
2040	7.1	1138.52	57.151	0
2045	7.15	1141.14	57.151	0
2050	7.15	1142.91	57.15	0
2055	NaN	1144.38	57.15	0
2060	7.21	1146.5	57.148	0
2065	7.2	1148.22	57.149	0
2070	7.26	1150.63	57.148	0
2075	7.28	1152.26	57.146	0
2080	7.25	1153.8	57.146	0
2085	7.34	1155.98	57.145	0
2090	7.33	1158.3	57.144	0
2095	7.39	1159.98	57.143	0
2100	7.39	1161.28	57.143	0
2105	7.39	1163.35	57.142	0
2110	7.4	1165.53	57.141	0
2115	7.42	1167.32	57.14	0
2120	7.43	1168.87	57.139	0
2125	7.48	1170.38	57.138	0
2130	7.48	1172.76	57.139	0
2135	7.49	1174.8	57.137	0
2140	7.56	1176.42	57.136	0
2145	7.54	1177.71	57.136	0
2150	7.54	1179.75	57.134	0
2155	7.6	1181.96	57.135	0
2160	7.6	1183.78	57.134	0
2165	7.6	1185.1	57.133	0
2170	7.65	1186.89	57.133	0
2175	7.65	1188.71	57.132	0
2180	NaN	1191.14	57.13	0
2185	7.7	1192.56	57.13	0
2190	7.69	1193.97	57.129	0
2195	7.75	1195.57	57.129	0
2200	7.75	1197.88	57.128	0
2205	7.76	1199.67	57.127	0
2210	7.81	1201.02	57.126	0
2215	7.81	1202.56	57.126	0
2220	7.86	1204.55	57.126	0
2225	7.86	1206.78	57.125	0
2230	7.86	1208.28	57.124	0
2235	7.87	1209.61	57.122	0
2240	7.93	1211.26	57.124	0
2245	7.93	1213.55	57.122	0
2250	7.99	1215.29	57.122	0
2255	7.99	1216.74	57.12	0
2260	7.99	1218.29	57.12	0
2265	8.04	1219.96	57.118	0
2270	8.05	1222.12	57.118	0
2275	8.05	1223.69	57.117	0
2280	8.11	1225.11	57.117	1
2285	8.12	1226.52	57.118	0
2290	NaN	1228.61	57.116	0
2295	8.18	1230.55	57.116	0
2300	8.18	1232.05	57.115	0
2305	8.23	1233.42	57.114	0
2310	8.23	1234.97	57.114	0
2315	8.24	1237.18	57.112	0
2320	8.24	1238.85	57.112	0
2325	8.24	1240.04	57.111	0
2330	8.3	1241.49	57.111	0
2335	8.29	1243.55	57.11	0
2340	8.34	1245.64	57.11	0
2345	8.35	1246.93	57.11	0
2350	8.35	1248.1	57.108	0
2355	NaN	1249.9	57.109	0
2360	8.41	1252.12	57.108	0
2365	8.4	NaN	57.109	0
2370	8.47	NaN	57.109	0
2375	8.47	NaN	57.107	0
2380	8.47	NaN	57.107	0
2385	8.54	NaN	57.107	0
2390	8.53	NaN	57.107	0
2395	8.53	NaN	57.105	0
2400	8.58	NaN	57.104	0
2405	8.58	NaN	57.105	0
2410	NaN	NaN	57.103	0
2415	8.64	NaN	57.1	0
2420	8.64	NaN	57.1	0
2425	8.64	NaN	57.097	0
2430	8.7	NaN	57.097	0
2435	8.7	NaN	57.096	0
2440	8.7	NaN	57.096	0
2445	8.76	NaN	57.095	0
2450	8.75	NaN	57.095	0
2455	8.75	NaN	57.093	0
2460	8.8	NaN	57.092	0
2465	8.81	NaN	57.092	0
2470	8.82	NaN	57.092	0
2475	8.88	NaN	57.091	0
2480	8.87	NaN	57.092	0
2485	8.87	NaN	57.091	0
2490	8.93	NaN	57.09	0
2495	8.93	NaN	57.09	0
2500	8.93	1294.5	57.091	0
2505	8.98	1296.56	57.091	0
2510	8.98	1297.69	57.09	0
2515	8.99	1298.8	57.092	0
2520	9.04	1300.38	57.091	0
2525	9.05	1302.36	57.091	0
2530	9.06	1303.98	57.089	0
2535	9.11	1305	57.089	1
2540	9.13	1306.37	57.088	0
2545	9.13	1308.3	57.088	0
2550	9.17	1310.15	57.087	0
2555	9.16	1311.61	57.086	0
2560	NaN	1312.47	57.086	0
2565	9.22	1313.84	57.085	0
2570	9.22	1315.98	57.085	0
2575	9.24	1317.58	57.084	0
2580	9.29	1318.97	57.083	0
2585	9.29	1319.84	57.082	0
2590	9.32	1321.48	57.082	0
2595	9.33	1323.71	57.082	0
2600	9.33	1324.99	57.082	0
2605	9.39	1326.08	57.081	0
2610	9.39	1327.26	57.081	0
2615	9.4	1329.18	57.08	0
2620	9.45	1330.96	57.079	0
2625	9.44	1332.33	57.079	0
2630	9.52	1333.46	57.078	0
2635	9.51	1334.74	57.077	0
2640	9.51	1336.61	57.077	0
2645	9.59	1338.18	57.075	0
2650	9.55	1339.26	57.075	0
2655	9.57	1340.51	57.076	0
2660	9.61	1342.37	57.074	0
2665	9.61	1344.14	57.075	0
2670	9.6	1345.31	57.072	0
2675	9.68	1346.35	57.072	0
2680	9.68	1347.5	57.071	0
2685	9.67	1349.69	57.071	0
2690	9.74	1351.11	57.07	0
2695	9.73	1352.12	57.07	0
2700	9.74	1353.26	57.069	0
2705	9.78	1354.97	57.069	0
2710	9.79	1356.87	57.068	0
2715	9.79	1358.14	57.068	0
2720	9.85	1359.1	57.066	0
2725	9.85	1360.49	57.067	0
2730	9.86	1362.41	57.065	0
2735	9.91	1364.01	57.067	0
2740	9.93	1365.11	57.064	0
2745	9.93	1366.01	57.064	0
2750	9.97	1367.72	57.064	0
2755	9.97	1369.57	57.064	0
2760	10.01	1370.8	57.063	0
2765	10.01	1371.62	57.062	0
2770	10.02	1372.94	57.062	0
2775	10.06	1374.77	57.06	0
2780	10.06	1376.59	57.059	0
2785	10.12	1377.35	57.059	1
