0	0.01	1944.71	11.656	0
5	0.01	1911.33	11.751	0
10	0.01	1888.5	12.362	0
15	0.02	1882.37	12.689	0
20	0.01	1875.74	12.714	0
25	0.01	1874.17	12.713	0
30	0.01	1873.86	12.709	0
35	0.02	1875.3	12.705	0
40	0.01	1874.04	12.699	0
45	0.01	1873.88	12.692	0
50	0	1872.83	12.687	0
55	0	1873.59	12.684	0
60	-0.02	1873.73	12.583	0
65	0	1871.77	12.578	0
70	0	1872.64	12.573	0
75	-0.01	1873.54	12.569	0
80	0	1872.79	22.702	0
85	0	1872.62	44.619	0
90	0	1870.92	60.476	0
95	0	1875.69	60.501	0
100	0	1879.83	60.507	0
105	0	1880.91	60.508	0
110	0	1883.71	60.508	0
115	0	1882.82	60.508	0
120	0	1885.62	60.508	0
125	0	1885.84	60.508	0
130	0	1887.54	60.508	0
135	0	1918.76	60.508	0
140	0	1955.89	60.508	0
145	0	1958.58	60.507	0
150	0	1959.49	60.509	0
155	0	2021.29	60.509	0
160	0	2034.79	60.508	0
165	0	2038.99	60.509	0
170	0	2080.51	60.509	0
175	0	2114.2	60.507	0
180	0	2144.66	60.506	0
185	-0.02	2171.73	60.505	0
190	-0.02	2201.15	60.505	0
195	-0.01	2228.77	60.504	0
200	-0.01	2257.82	60.504	0
205	-0.01	2287.08	60.503	0
210	0	2318	60.503	0
215	0	2347.14	60.504	0
220	0	2372.56	60.504	0
225	0	2410.16	60.502	0
230	0	2434.93	60.503	0
235	0	2473.59	60.504	0
240	0	2496.92	60.504	0
245	0	2531.33	60.505	0
250	0.03	2563.5	60.504	0
255	0.04	2593.07	60.506	0
260	0.06	2620.45	60.506	0
265	0.11	2649.44	60.506	0
270	0.11	2681.95	60.505	0
275	0.16	2718.19	60.517	0
280	0.16	2746.82	60.524	0
285	0.2	2782.67	60.533	0
290	0.21	2807.04	60.541	0
295	0.26	2839.13	60.549	0
300	0.26	2879.43	60.557	0
305	0.32	2914.23	60.568	0
310	0.32	2935.65	60.575	0
315	0.32	2974.03	60.585	0
320	0.37	3000.14	60.592	0
325	0.37	3038.9	60.597	0
330	0.43	3060.44	60.607	0
335	0.42	3095.89	60.614	0
340	0.49	3126.11	60.621	0
345	0.48	3157.92	60.629	0
350	0.54	3189.47	60.638	0
355	0.53	3213.9	60.644	0
360	0.54	3248.92	60.651	0
365	0.6	3280.08	60.66	0
370	0.6	3306.02	60.667	0
375	0.65	3336.18	60.675	0
380	0.66	3370.13	60.683	0
385	0.71	3394.66	60.691	0
390	0.72	3426.74	60.698	0
395	0.72	3461.02	60.705	0
400	0.77	3482.56	60.712	0
405	0.77	3512.2	60.721	0
410	0.83	3548.73	60.727	0
415	0.83	3575.45	60.736	0
420	0.88	3600.58	60.743	0
425	0.89	3626.42	60.747	0
430	NaN	3662.95	60.758	0
435	0.95	3683.93	60.767	0
440	0.95	3719.02	60.774	0
445	1.01	3743.87	60.781	0
450	1	3779.65	60.787	0
455	1.05	3803.31	60.794	1
460	1.08	3833.27	60.8	0
465	1.08	3853.25	60.807	0
470	1.12	3889.86	60.812	0
475	1.12	3908.44	60.82	0
480	1.17	3943.56	60.825	0
485	1.17	3970.25	60.832	0
490	1.22	3990.46	60.838	0
495	1.22	NaN	60.844	0
500	1.26	NaN	60.85	0
505	1.26	NaN	60.856	0
510	1.31	NaN	60.863	0
515	1.3	NaN	60.868	0
520	1.37	NaN	60.876	0
525	1.37	NaN	60.882	0
530	1.42	NaN	60.889	0
535	1.4	NaN	60.89	0
540	1.46	NaN	60.896	0
545	1.46	NaN	60.902	0
550	1.51	NaN	60.908	0
555	1.49	NaN	60.912	0
560	1.56	NaN	60.918	0
565	1.56	NaN	60.923	0
570	1.61	NaN	60.928	0
575	1.6	NaN	60.934	0
580	1.64	NaN	60.94	0
585	1.65	NaN	60.946	0
590	1.66	NaN	60.951	0
595	1.71	NaN	60.956	0
600	1.71	NaN	60.96	0
605	1.76	NaN	60.965	0
610	1.77	NaN	60.97	0
615	1.77	NaN	60.974	0
620	1.82	NaN	60.981	0
625	1.82	NaN	60.985	0
630	1.87	4683.24	60.989	0
635	1.88	4712.77	60.993	0
640	1.93	4725.67	60.998	0
645	1.94	4756.11	61.004	0
650	1.95	4774.43	61.007	0
655	1.98	4803.29	61.014	0
660	2.03	4833.3	61.016	0
665	2.03	4844.52	61.019	0
670	2.04	4870.53	61.022	0
675	2.08	4898.08	61.027	1
680	2.1	4925.79	61.031	0
685	2.11	4938.94	61.035	0
690	2.12	4964.32	61.039	0
695	2.16	4992.91	61.042	0
700	2.18	5005.15	61.044	0
705	2.21	5035.51	61.047	0
710	2.22	5064.03	61.052	0
715	2.28	5081.34	61.055	0
720	2.27	5098.2	61.056	0
725	2.28	5117.65	61.058	0
730	2.33	5149.88	61.061	0
735	2.33	5174.34	61.063	0
740	2.38	5185.9	61.066	0
745	2.37	5215.38	61.069	0
750	2.42	5235.34	61.07	0
755	2.44	5256.46	61.072	0
760	2.49	5279.82	61.073	0
765	2.49	5297.88	61.075	0
770	2.54	5317.37	61.075	0
775	2.54	5346.99	61.076	0
780	2.54	5372.45	61.08	0
785	2.58	5395.47	61.082	0
790	2.57	5414.28	61.084	0
795	2.63	5430.5	61.085	0
800	2.63	5448.93	61.085	0
805	2.62	5468.55	61.086	0
810	2.68	5494.32	61.087	0
815	2.68	5525.02	61.088	0
820	2.73	5538.25	61.089	0
825	2.75	5557.64	61.089	0
830	2.75	5583.14	61.09	0
835	2.79	5594.92	61.09	0
840	2.8	5619.07	61.09	0
845	2.85	5645.26	61.09	0
850	2.84	5655.25	61.092	0
855	2.9	5678.78	61.093	0
860	2.91	5708.96	61.092	0
865	2.95	5725.3	61.092	0
870	2.95	5736.41	61.093	0
875	2.96	5764.45	61.092	0
880	3	5788.78	61.092	0
885	3.01	5809.88	61.092	0
890	3.06	5829.05	61.091	0
895	3.06	5842	61.092	0
900	3.06	5854.96	61.091	0
905	3.11	5875.63	61.09	1
910	3.12	5903.72	61.092	0
915	3.13	5926.61	61.089	0
920	3.18	5942.33	61.091	0
925	3.17	5953.97	61.089	0
930	3.18	5975.03	61.09	0
935	3.23	5999.74	61.088	0
940	3.24	6023.43	61.089	0
945	3.28	6031.97	61.088	0
950	3.28	6059.73	61.088	0
955	3.33	6082.06	61.087	0
960	3.33	6097.12	61.085	0
965	3.38	6110.95	61.084	0
970	3.38	6128.34	61.085	0
975	3.44	6150.95	61.084	0
980	3.43	6173.4	61.083	0
985	3.43	6190.75	61.083	0
990	3.48	6201.93	61.084	0
995	3.48	6224.16	61.082	0
1000	3.48	6245.64	61.081	0
1005	3.53	6269.3	61.081	0
1010	3.53	6283.4	61.08	0
1015	3.59	6302.55	61.079	0
1020	3.59	6316.21	61.078	0
1025	NaN	6332.82	61.078	0
1030	3.65	6351.54	61.076	0
1035	3.65	6375.74	61.077	0
1040	3.7	6399.94	61.076	0
1045	3.71	6411.99	61.074	0
1050	3.75	6421.33	61.073	0
1055	3.76	6437.05	61.073	0
1060	3.75	6458.72	61.072	0
1065	3.81	6485.8	61.071	0
1070	3.81	6504.58	61.07	0
1075	3.81	6514.3	61.07	0
1080	3.87	6537.53	61.07	0
1085	3.87	6556.23	61.069	0
1090	3.87	6567.32	61.068	0
1095	3.92	6588.96	61.067	0
1100	3.92	6611.83	61.067	0
1105	3.97	6623.3	61.065	0
1110	3.98	6646.28	61.068	0
1115	3.98	6666.8	61.032	0
1120	4.03	6675.38	60.981	0
1125	4.03	6691.85	60.935	0
1130	4.09	6713.75	60.891	0
1135	4.08	6726.92	60.846	0
1140	4.14	6735.62	60.803	1
1145	4.15	6748.42	60.757	0
1150	4.15	6754.2	60.711	0
1155	4.15	6768.89	60.669	0
1160	4.2	6782.65	60.626	0
1165	4.2	6800.67	60.584	0
1170	4.26	6813.55	60.542	0
1175	4.26	6822.64	60.499	0
1180	4.26	6837.96	60.458	0
1185	4.31	6853.69	60.417	0
1190	4.31	6866.96	60.38	0
1195	4.36	6885.56	60.34	0
1200	4.36	6898.91	60.3	0
1205	4.36	6911.32	60.259	0
1210	4.41	6920.34	60.219	0
1215	4.41	6933.66	60.18	0
1220	4.42	6942.06	60.141	0
1225	4.47	6950.78	60.101	0
1230	4.47	6959.68	60.062	0
1235	4.48	6973.5	60.024	0
1240	4.53	6987	59.985	0
1245	4.53	7001.26	59.949	0
1250	4.59	7018.54	59.91	0
1255	4.58	7030	59.874	0
1260	4.58	7042.93	59.837	0
1265	4.63	7057.28	59.801	0
1270	4.64	7070.66	59.764	0
1275	4.69	7077.25	59.728	0
1280	4.69	7087.83	59.692	0
1285	4.69	7116.89	59.656	0
1290	4.74	7129.07	59.623	0
1295	4.74	7133.53	59.586	0
1300	4.74	7141.29	59.55	0
1305	4.8	7159.86	59.516	0
1310	4.8	7178.27	59.482	0
1315	4.8	7192.44	59.448	0
1320	4.86	7195.63	59.416	0
1325	4.86	7208.14	59.382	0
1330	4.91	7232.43	59.35	0
1335	4.91	7241.89	59.316	0
1340	4.92	7248.46	59.283	0
1345	4.97	7256.76	59.252	0
1350	4.96	7273.95	59.22	0
1355	5.01	7295.33	59.187	0
1360	5.02	7308.23	59.192	0
1365	5.02	7318.14	59.208	0
1370	5.07	7334.48	59.22	0
1375	5.08	7352.14	59.23	0
1380	5.09	7371.88	59.242	0
1385	5.09	7378.91	59.253	0
1390	5.15	7384.86	59.265	1
1395	5.17	7411.86	59.275	0
1400	5.17	7433.14	59.285	0
1405	5.17	7443.39	59.297	0
1410	5.23	7457.6	59.306	0
1415	5.23	7482.56	59.316	0
1420	5.23	7487.22	59.328	0
1425	5.27	7512.94	59.338	0
1430	5.28	7529.11	59.348	0
1435	5.33	7538.83	59.359	0
1440	5.34	7563.27	59.369	0
1445	5.35	7588.06	59.379	0
1450	5.39	7594.1	59.389	0
1455	5.39	7600.4	59.4	0
1460	5.43	7622.29	59.411	0
1465	5.43	7648.96	59.423	0
1470	5.43	7659.23	59.433	0
1475	5.49	7661.99	59.444	0
1480	5.49	7694.99	59.454	0
1485	5.49	7701.96	59.463	0
1490	5.55	7713.49	59.472	0
1495	5.55	7737.3	59.484	0
1500	5.54	7757.38	59.492	0
1505	5.59	7759.91	59.503	0
1510	5.6	7774.56	59.512	0
1515	5.64	7792.32	59.521	0
1520	5.64	7814.24	59.53	0
1525	5.65	7833.44	59.539	0
1530	5.71	7842.14	59.548	0
1535	5.71	7850.64	59.56	0
1540	5.76	7863.96	59.569	0
1545	5.75	7876.76	59.577	0
1550	5.81	7892.99	59.587	0
1555	5.81	7911	59.596	0
1560	5.81	7926.79	59.605	0
1565	5.86	7941.56	59.614	0
1570	5.86	7960.73	59.625	0
1575	5.86	7986.57	59.633	0
1580	5.87	7996.93	59.643	0
1585	5.91	8000.01	59.651	0
1590	5.91	8022.75	59.659	0
1595	5.96	8034.29	59.669	0
1600	5.95	8055.76	59.678	0
1605	6.01	8065.08	59.688	0
1610	6.01	8086.34	59.695	0
1615	6.01	8100.29	59.705	0
1620	6.05	8109.26	59.712	0
1625	6.05	8118.48	59.721	0
1630	6.05	8131.75	59.729	0
1635	6.06	8146.29	59.738	0
1640	6.11	8167.43	59.747	0
1645	6.12	8186.62	59.754	0
1650	NaN	8207.46	59.764	0
1655	6.17	8214.27	59.771	1
1660	6.21	8223.99	59.784	0
1665	6.21	8232.87	59.794	0
1670	6.2	8249.7	59.801	0
1675	6.26	8259.72	59.808	0
1680	6.26	8271.99	59.817	0
1685	6.31	8287.5	59.822	0
1690	6.31	8303.49	59.83	0
1695	6.36	8320.06	59.836	0
1700	6.36	8340.8	59.844	0
1705	6.37	8355.54	59.852	0
1710	6.37	8363.76	59.861	0
1715	6.42	8373.51	59.87	0
1720	6.42	8394.47	59.876	0
1725	6.42	8413	59.886	0
1730	6.48	8424.16	59.895	0
1735	6.47	8428.98	59.902	0
1740	6.53	8455.1	59.909	0
1745	6.53	8459.39	59.916	0
1750	6.53	8474.27	59.924	0
1755	6.57	8487.54	59.932	0
1760	6.58	8513.19	59.94	0
1765	6.58	8510.12	59.946	0
1770	6.63	8528.19	59.953	0
1775	6.63	8556.53	59.959	0
1780	6.62	8550.08	59.968	0
1785	6.69	8572.1	59.976	0
1790	6.69	8592.04	59.982	0
1795	6.67	8588.95	59.991	0
1800	6.75	8611.9	59.997	0
1805	6.75	8636.67	60.004	0
1810	6.75	8634.24	60.011	0
1815	6.8	8649.28	60.016	0
1820	6.8	8671.66	60.024	0
1825	6.84	8671.27	60.032	0
1830	6.84	8701.88	60.039	0
1835	6.85	8691.69	60.047	0
1840	6.9	8726.52	60.053	0
1845	6.91	8721.94	60.061	0
1850	6.9	8744.12	60.066	0
1855	6.91	8761.9	60.073	0
1860	6.96	8758.15	60.081	0
1865	6.96	8789.54	60.088	0
1870	7.02	8792.87	60.093	0
1875	7.02	8809.12	60.1	0
1880	7.02	8822.55	60.106	0
1885	NaN	8823.33	60.111	0
1890	7.07	8857.68	60.118	0
1895	7.07	8856.04	60.124	0
1900	7.13	8859.61	60.13	0
1905	7.13	8887.87	60.135	0
1910	7.13	8899.42	60.142	0
1915	7.18	8903.05	60.148	1
1920	7.2	8931.47	60.155	0
1925	7.2	8919.84	60.162	0
1930	7.2	8951.35	60.168	0
1935	7.25	8954.19	60.174	0
1940	7.26	8977.61	60.179	0
1945	7.31	8968.97	60.185	0
1950	7.3	9004.77	60.191	0
1955	7.31	9001.15	60.197	0
1960	7.37	9022.64	60.203	0
1965	7.38	9039.15	60.21	0
1970	7.37	9032.99	60.215	0
1975	7.42	9060.11	60.222	0
1980	7.42	9076.25	60.227	0
1985	7.46	9073.14	60.235	0
1990	7.46	9094.09	60.238	0
1995	7.46	9113.01	60.243	0
2000	7.52	9108.44	60.25	0
2005	7.52	9140.06	60.256	0
2010	7.52	9137.81	60.261	0
2015	7.57	9143.55	60.266	0
2020	7.57	9163.66	60.272	0
2025	7.63	9179.34	60.277	0
2030	7.63	9201.05	60.283	0
2035	7.63	9201.93	60.288	0
2040	7.62	9204.42	60.294	0
2045	7.68	9226.41	60.299	0
2050	7.7	9238.02	60.304	0
2055	7.7	9258.34	60.31	0
2060	7.7	9269.35	60.316	0
2065	7.75	9281.25	60.321	0
2070	7.75	9292.88	60.328	0
2075	NaN	9302.46	60.332	0
2080	7.8	9305.21	60.338	0
2085	7.81	9310.95	60.342	0
2090	7.87	9322.11	60.347	0
2095	7.87	9340.58	60.353	0
2100	7.87	9364.11	60.357	0
2105	7.92	9353.96	60.363	0
2110	7.92	9383.72	60.366	0
2115	7.94	9384.68	60.371	0
2120	7.95	9411.15	60.375	0
2125	7.95	9402.97	60.379	0
2130	8.01	9430.89	60.384	0
2135	8	9434.74	60.388	0
2140	8	9440.66	60.392	0
2145	8.07	9459.33	60.398	0
2150	8.06	9476.37	60.402	0
2155	8.07	9489.11	60.405	0
2160	8.12	9498.67	60.41	0
2165	8.11	9501.68	60.414	0
2170	8.16	9505.5	60.418	0
2175	8.17	9518.68	60.423	0
2180	8.22	9532.91	60.426	1
2185	8.22	9562.26	60.427	0
2190	8.22	9545.62	60.432	0
2195	8.22	9575.4	60.437	0
2200	8.27	9568.2	60.44	0
2205	8.27	9603.66	60.444	0
2210	8.32	9590.25	60.422	0
2215	8.31	9611.01	60.383	0
2220	8.32	9627.17	60.338	0
2225	8.37	9620.79	60.297	0
2230	8.36	9653.28	60.255	0
2235	8.39	9636.13	60.214	0
2240	8.41	9665.99	60.173	0
2245	8.41	9656.68	60.134	0
2250	8.41	9687.7	60.153	0
2255	8.47	9679.92	60.158	0
2260	8.47	9682.44	60.164	0
2265	8.52	9709.28	60.169	0
2270	8.53	9712.95	60.176	0
2275	8.53	9728.48	60.185	0
2280	NaN	9743.37	60.189	0
2285	8.58	9747.46	60.193	0
2290	8.58	9754.91	60.201	0
2295	8.58	9760.6	60.206	0
2300	8.64	9787.77	60.211	0
2305	8.63	9782.32	60.216	0
2310	8.69	9791.6	60.222	0
2315	8.69	9818.96	60.226	0
2320	8.69	9821.94	60.231	0
2325	8.69	9821.23	60.237	0
2330	8.75	9843.13	60.242	0
2335	8.74	9852.92	60.248	0
2340	8.74	9854.38	60.251	0
2345	8.8	9861.81	60.255	0
2350	8.78	9881.53	60.261	0
2355	8.8	9902.09	60.267	0
2360	8.86	9895.25	60.273	0
2365	8.86	9925.34	60.277	0
2370	8.87	9912.62	60.282	0
2375	8.92	9938.17	60.286	0
2380	8.91	9955.36	60.291	0
2385	8.92	9961.72	60.296	0
2390	8.97	9958.58	60.301	0
2395	8.97	NaN	60.305	0
2400	8.97	NaN	60.31	0
2405	9.02	NaN	60.314	0
2410	9.01	NaN	60.318	0
2415	9.03	NaN	60.324	0
2420	9.07	NaN	60.331	0
2425	9.07	NaN	60.333	0
2430	9.12	NaN	60.337	0
2435	9.13	NaN	60.342	0
2440	9.13	NaN	60.346	0
2445	9.18	NaN	60.351	0
2450	9.18	NaN	60.356	0
2455	9.18	NaN	60.361	0
2460	NaN	NaN	60.366	0
2465	9.24	NaN	60.37	1
2470	9.26	NaN	60.374	0
2475	9.26	NaN	60.376	0
2480	9.26	NaN	60.381	0
2485	9.32	NaN	60.382	0
2490	9.32	NaN	60.386	0
2495	9.32	NaN	60.389	0
2500	9.38	NaN	60.395	0
2505	9.38	NaN	60.399	0
2510	9.37	NaN	60.403	0
2515	9.42	NaN	60.407	0
2520	9.42	NaN	60.412	0
2525	9.43	NaN	60.419	0
2530	9.49	10224.42	60.424	0
2535	9.49	10238.75	60.428	0
2540	9.49	10260.45	60.432	0
2545	9.55	10264.38	60.437	0
2550	9.55	10266.77	60.44	0
2555	9.55	10283.79	60.444	0
2560	9.6	10298.9	60.447	0
2565	9.6	10315.16	60.453	0
2570	9.6	10321.42	60.456	0
2575	9.61	10309.8	60.459	0
2580	9.65	10322.84	60.463	0
2585	9.64	10345.96	60.468	0
2590	NaN	10362.21	60.472	0
2595	9.71	10366.93	60.475	0
2600	9.7	10363.47	60.479	0
2605	9.77	10365.01	60.482	0
2610	9.76	10400.36	60.487	0
2615	9.77	10411.77	60.491	0
2620	9.76	10412.45	60.495	0
2625	9.82	10419.94	60.498	0
2630	9.83	10434.45	60.501	0
2635	9.83	10428.06	60.504	0
2640	9.89	10434.76	60.506	0
2645	9.88	10438.83	60.51	0
2650	9.89	10459.52	60.514	0
2655	9.94	10475.09	60.517	0
2660	9.94	10489.72	60.52	0
2665	9.94	10500.22	60.522	0
2670	9.99	10505.52	60.526	0
2675	9.99	10510.83	60.529	0
2680	10	10512.23	60.533	0
2685	10.05	10522.06	60.537	0
2690	10.04	10546.24	60.541	0
2695	10.06	10547.64	60.545	0
2700	10.05	10548.05	60.549	0
2705	10.11	10567.21	60.552	0
2710	10.1	10577.57	60.554	0
2715	10.1	10576.5	60.557	0
2720	10.16	10584.63	60.56	0
2725	10.16	10612.6	60.564	0
2730	10.16	10617.17	60.565	0
2735	10.21	10612.66	60.57	0
2740	10.22	10613.61	60.573	0
2745	10.22	10647.12	60.576	0
2750	10.28	10647.89	60.578	1
