0	0	1903.27	5.375	0
5	0	1904.05	5.369	0
10	0	1905.9	5.365	0
15	0	1905.33	5.988	0
20	0	1902.51	6.108	0
25	-0.01	1905.74	6.47	0
30	0.01	1904.66	6.51	0
35	0	1903.97	6.516	0
40	-0.01	1905.5	6.515	0
45	0	1902.46	6.512	0
50	0	1903.9	6.513	0
55	0	1904.97	6.513	0
60	0	1903.69	6.426	0
65	0	1903.92	6.424	0
70	0	1903.72	6.423	0
75	0	1902.89	6.423	0
80	0	1904.01	6.424	0
85	0	1902.34	20.781	0
90	0	1903.61	33.728	0
95	0	1905.03	39.902	0
100	0	1906.57	40.024	0
105	0	1904.58	40.097	0
110	0.01	1907.84	42.029	0
115	0.01	1914.15	44.186	0
120	0.01	1917.96	44.256	0
125	0	1919.09	44.313	0
130	0	1921.16	44.349	0
135	-0.01	1918.37	44.373	0
140	0	1916.74	44.378	0
145	0	1950.21	44.376	0
150	0	1950.57	44.374	0
155	0	1950.85	44.371	0
160	0	1950.71	44.366	0
165	0	1998.09	44.361	0
170	0	2001.49	44.356	0
175	-0.01	2002.5	44.348	0
180	0	2000.92	44.343	0
185	0.01	2001.91	44.337	0
190	0.02	2003.01	44.33	0
195	0.04	2002.3	44.322	0
200	0.02	2002.57	44.316	0
205	0.01	2101.71	44.309	0
210	0	2110.59	44.301	0
215	0	2112.85	44.295	0
220	0.02	2113.2	44.287	0
225	0.02	2114.88	44.281	0
230	0.01	2117.3	44.274	0
235	0.01	2117.88	44.268	0
240	0.02	2192.72	44.257	0
245	0	2236.55	44.253	0
250	0	2242.16	44.245	0
255	0	2245.06	44.236	0
260	0	2246.83	44.231	0
265	0	2248.67	44.225	0
270	0.01	2250.7	44.213	0
275	0.01	2277.97	44.206	0
280	0	2374.64	44.201	0
285	-0.01	2383.01	44.195	0
290	0.01	2387.47	44.188	0
295	0.04	2391.35	44.18	0
300	0.01	2394.23	44.173	0
305	0.01	2396.56	44.167	0
310	0	2397.06	44.16	0
315	0	2486.68	44.155	0
320	0	2526.25	44.147	0
325	0.01	2533.11	44.14	0
330	0	2535.86	44.133	0
335	0	2539.76	44.127	0
340	0	2543.59	44.122	0
345	0.02	2545.8	44.113	0
350	0.01	2578.79	44.108	0
355	0	2666.71	44.1	0
360	0	2677.01	44.094	0
365	0	2682.16	44.09	0
370	0	2684.36	44.081	0
375	0.03	2688.25	44.08	0
380	0.04	2690.8	44.073	0
385	0.04	2690.35	44.068	0
390	0.07	2786.03	44.062	0
395	0.07	2816.94	44.055	0
400	0.09	2822.86	44.047	0
405	0.1	2827.78	44.043	0
410	0.11	2832.3	44.037	0
415	0.16	2835.77	44.03	0
420	0.16	2837.95	44.025	0
425	0.16	2845.58	44.017	0
430	0.2	2952.43	44.011	0
435	0.2	2964.52	44.006	0
440	0.2	2968.51	43.999	0
445	0.26	2973.16	43.993	0
450	0.25	NaN	43.987	0
455	0.25	NaN	43.981	0
460	0.31	NaN	43.975	0
465	0.32	NaN	43.97	0
470	0.3	NaN	43.963	0
475	0.31	NaN	43.956	0
480	0.37	NaN	43.951	0
485	0.36	NaN	43.944	0
490	0.35	NaN	43.938	0
495	NaN	NaN	43.932	0
500	0.41	NaN	43.926	0
505	0.42	NaN	43.92	0
510	0.42	NaN	43.914	0
515	0.48	NaN	43.909	0
520	0.48	NaN	43.902	0
525	0.48	NaN	43.897	0
530	0.48	NaN	43.891	0
535	0.53	NaN	43.884	0
540	0.54	NaN	43.879	0
545	0.54	NaN	43.872	0
550	NaN	NaN	43.866	0
555	0.6	NaN	43.861	0
560	0.6	NaN	43.852	0
565	0.59	NaN	43.847	0
570	0.65	NaN	43.842	0
575	0.64	NaN	43.837	0
580	0.66	NaN	43.83	0
585	0.67	3442.64	43.824	0
590	0.71	3516.02	43.819	0
595	0.71	3524.96	43.813	0
600	0.71	3528.57	43.808	0
605	0.7	3532.12	43.801	0
610	0.76	3534.35	43.795	0
615	0.78	3538.51	43.789	0
620	0.77	3541.62	43.784	0
625	0.78	3605.64	43.778	0
630	0.84	3651.65	43.772	0
635	0.83	3659.05	43.766	0
640	0.84	3664.14	43.76	0
645	0.87	3667.85	43.754	0
650	0.89	3670.06	43.749	0
655	0.89	3673.56	43.743	0
660	0.9	3668.24	43.737	0
665	0.94	3763.35	43.73	0
670	0.95	3785.36	43.726	0
675	0.94	3792.25	43.719	0
680	0.93	3797.84	43.713	0
685	1.02	3801.08	43.71	1
690	1.02	3803.25	43.704	0
695	1.01	3805.42	43.698	0
700	1.02	3802.43	43.692	0
705	1.02	3898.49	43.688	0
710	1.1	3918.07	43.681	0
715	1.08	3923.15	43.674	0
720	1.09	3926.21	43.669	0
725	1.14	3932.03	43.664	0
730	1.14	3934.94	43.658	0
735	1.14	3937.11	43.652	0
740	1.14	3933.84	43.647	0
745	1.19	4023.72	43.64	0
750	1.2	4048.32	43.634	0
755	1.18	4053.4	43.629	0
760	1.2	4056.47	43.624	0
765	1.28	4059.94	43.618	0
770	1.26	4064.26	43.614	0
775	1.26	4067.35	43.607	0
780	1.26	4062.56	43.601	0
785	1.28	4142.3	43.595	0
790	1.33	4174.43	43.589	0
795	1.32	4181.61	43.584	0
800	1.31	4185.05	43.578	0
805	1.37	4187.29	43.572	0
810	1.38	4189.85	43.567	0
815	1.46	4194.6	43.562	0
820	1.39	4196.63	43.556	0
825	1.43	4261.62	43.55	0
830	1.43	4298.95	43.545	0
835	1.44	4306.1	43.54	0
840	1.43	4312.18	43.534	0
845	1.48	4314.35	43.528	0
850	1.49	4316.8	43.522	0
855	1.49	4320.91	43.517	0
860	1.55	4323.28	43.512	0
865	1.55	4355.91	43.51	0
870	1.57	4422.25	43.501	0
875	1.58	4430.36	43.498	0
880	1.57	4437.2	43.492	0
885	1.56	4439.99	43.485	0
890	1.62	4441.38	43.48	0
895	1.62	4442.64	43.473	0
900	1.63	4447.06	43.469	0
905	1.63	4454.71	43.463	0
910	1.67	4542.33	43.457	0
915	1.69	4551.6	43.451	0
920	1.67	4557.21	43.446	0
925	1.67	4559.92	43.44	0
930	1.73	4564.8	43.436	0
935	1.74	4566.63	43.429	0
940	1.74	4568.19	43.423	0
945	1.73	4570.38	43.418	0
950	1.77	4645.94	43.412	0
955	1.81	4673.26	43.406	0
960	1.8	4678.17	43.4	0
965	1.8	4681.14	43.396	0
970	1.85	4684.53	43.389	0
975	1.86	4689.64	43.384	0
980	1.86	4691.97	43.379	0
985	1.87	4691.51	43.372	0
990	1.9	4733.16	43.367	0
995	1.91	4790.73	43.361	0
1000	1.91	4798.67	43.356	0
1005	1.91	4800.95	43.351	0
1010	1.93	4805.12	43.346	0
1015	1.94	4808.51	43.34	0
1020	1.94	4811.17	43.334	0
1025	1.98	4813.52	43.328	0
1030	2	4802.96	43.322	0
1035	1.99	4899.41	43.317	0
1040	1.99	4915.77	43.311	0
1045	2.05	4919.75	43.306	1
1050	2.06	4920.54	43.301	0
1055	2.06	4925.19	43.295	0
1060	2.07	4929.81	43.289	0
1065	2.06	4933.45	43.284	0
1070	2.12	4934.4	43.278	0
1075	2.13	4958.77	43.273	0
1080	2.13	5027.29	43.267	0
1085	2.13	5036.09	43.263	0
1090	2.21	5039.13	43.257	0
1095	2.19	5042.19	43.252	0
1100	2.18	5044.65	43.246	0
1105	2.18	5049.83	43.24	0
1110	2.25	5051.88	43.234	0
1115	2.25	5049.91	43.23	0
1120	2.24	5121.8	43.223	0
1125	2.24	5147.37	43.218	0
1130	2.24	5154.46	43.212	0
1135	2.28	5157.6	43.207	0
1140	2.29	5160.09	43.201	0
1145	2.28	5162.73	43.195	0
1150	2.29	5168.26	43.19	0
1155	2.36	5169.09	43.185	0
1160	2.36	5188.83	43.18	0
1165	2.36	5257.75	43.174	0
1170	2.36	5267.59	43.169	0
1175	NaN	5273.29	43.163	0
1180	2.42	5275.65	43.158	0
1185	2.45	5276.65	43.153	0
1190	2.41	5279.7	43.147	0
1195	2.42	5284.61	43.141	0
1200	2.47	5287.28	43.137	0
1205	2.47	5317	43.131	0
1210	2.47	5374.68	43.125	0
1215	2.47	5383.12	43.12	0
1220	2.53	5387.33	43.115	0
1225	2.54	5388.64	43.108	0
1230	2.52	5392.3	43.104	0
1235	2.53	5394.12	43.099	0
1240	2.58	5398.95	43.093	0
1245	2.57	5401.77	43.088	0
1250	2.59	5455.91	43.083	0
1255	2.59	5490.33	43.077	0
1260	2.58	5498.24	43.071	0
1265	2.64	5501.3	43.066	0
1270	2.64	5505.69	43.062	0
1275	2.64	5506.21	43.056	0
1280	2.64	5511.76	43.051	0
1285	2.69	5515.64	43.046	0
1290	2.7	5520.22	43.041	0
1295	2.7	5583.72	43.034	0
1300	2.7	5606.13	43.029	0
1305	2.75	5611.97	43.024	0
1310	2.75	5617.44	43.02	0
1315	2.75	5619.24	43.014	0
1320	2.75	5622.25	43.01	0
1325	2.81	5626.39	43.004	0
1330	2.81	5629.2	43	0
1335	2.8	5633.05	42.995	0
1340	2.8	5707.38	42.989	0
1345	2.81	5719.02	42.984	0
1350	2.87	5727.03	42.979	0
1355	2.87	5728.85	42.973	0
1360	2.87	5731.27	42.968	0
1365	2.86	5733.16	42.963	0
1370	2.92	5738.12	42.956	0
1375	2.91	5741.16	42.953	0
1380	2.92	5738	42.947	0
1385	2.92	5817.52	42.942	0
1390	2.92	5827.87	42.937	0
1395	2.97	5835.25	42.931	0
1400	2.97	5838.92	42.926	0
1405	2.97	5840.61	42.921	0
1410	2.97	5844.79	42.916	0
1415	3.03	5846.36	42.91	0
1420	3.04	5852.19	42.905	0
1425	3.03	5843.2	42.901	0
1430	3.02	5925.92	42.896	0
1435	3.08	5936.26	42.891	1
1440	3.1	5942.86	42.886	0
1445	3.1	5948.01	42.88	0
1450	3.1	5948.94	42.875	0
1455	3.1	5952.4	42.869	0
1460	3.09	5955.55	42.864	0
1465	3.15	5960.47	42.86	0
1470	3.15	5964.96	42.855	0
1475	3.15	6037.21	42.849	0
1480	3.15	6047	42.845	0
1485	NaN	6052.07	42.839	0
1490	3.2	6054.79	42.835	0
1495	3.22	6057.34	42.829	0
1500	3.22	6060.4	42.825	0
1505	3.22	6065.86	42.819	0
1510	3.27	6066.96	42.813	0
1515	3.27	6081.52	42.808	0
1520	3.27	6142.23	42.804	0
1525	3.28	6152.27	42.798	0
1530	3.33	6158.88	42.793	0
1535	3.33	6163.45	42.787	0
1540	3.33	6164.57	42.781	0
1545	3.33	6165.66	42.777	0
1550	3.32	6170.01	42.774	0
1555	3.37	6175.54	42.769	0
1560	3.37	6174.27	42.764	0
1565	3.38	6244.52	42.758	0
1570	3.38	6258.57	42.754	0
1575	3.39	6264.13	42.749	0
1580	3.43	6269.52	42.746	0
1585	3.44	6271.21	42.743	0
1590	3.44	6271.09	42.74	0
1595	3.43	6276.99	42.739	0
1600	3.49	6281.19	42.738	0
1605	3.49	6279.07	42.739	0
1610	3.48	6348.89	42.74	0
1615	3.5	6362.7	42.742	0
1620	3.55	6369.3	42.743	0
1625	3.55	6371.86	42.746	0
1630	3.55	6375.05	42.749	0
1635	3.55	6376.38	42.752	0
1640	3.62	6380.32	42.755	0
1645	3.62	6382.95	42.757	0
1650	3.61	6437.61	42.759	0
1655	3.63	6461.28	42.763	0
1660	3.61	6466.73	42.765	0
1665	3.63	6474.13	42.769	0
1670	3.63	6477.89	42.771	0
1675	3.68	6478.04	42.775	0
1680	3.68	6479.36	42.777	0
1685	3.68	6480.42	42.78	0
1690	3.68	6523.02	42.781	0
1695	3.69	6560.77	42.784	0
1700	3.74	6564.32	42.787	0
1705	3.75	6571.77	42.789	0
1710	3.72	6576.93	42.79	0
1715	3.74	6578.96	42.792	0
1720	3.8	6579.87	42.794	0
1725	3.79	6579.7	42.796	0
1730	3.79	6586.13	42.797	0
1735	3.8	6657	42.798	0
1740	3.85	6666.06	42.8	0
1745	3.86	6669.73	42.801	0
1750	3.85	6671.26	42.801	0
1755	3.86	6678.05	42.802	0
1760	3.87	6681.16	42.804	0
1765	3.88	6679.8	42.804	0
1770	3.88	6671.04	42.806	0
1775	3.93	6731.51	42.807	0
1780	3.92	6761.93	42.807	0
1785	3.94	6765.49	42.809	0
1790	3.95	6768.48	42.808	0
1795	3.99	6772.73	42.807	0
1800	4	6778.22	42.809	0
1805	3.98	6780.76	42.809	0
1810	3.98	6780.95	42.809	0
1815	4.04	6777.6	42.81	0
1820	4.04	6853.74	42.809	0
1825	4.04	6862.41	42.808	0
1830	4.04	6863.96	42.81	0
1835	4.1	6866.6	42.809	1
1840	4.08	6872.54	42.809	0
1845	4.09	6877.36	42.809	0
1850	4.09	6877.7	42.808	0
1855	4.09	6879.79	42.808	0
1860	4.15	6894.2	42.808	0
1865	4.14	6951.66	42.807	0
1870	4.13	6959.99	42.807	0
1875	4.13	6961.45	42.806	0
1880	4.21	6966.05	42.806	0
1885	4.2	6968.2	42.805	0
1890	4.19	6973.19	42.807	0
1895	4.2	6974.08	42.805	0
1900	4.22	6975.55	42.805	0
1905	4.23	7010.62	42.804	0
1910	4.22	7049.72	42.803	0
1915	4.23	7058.3	42.802	0
1920	4.28	7056.14	42.802	0
1925	4.29	7062.33	42.802	0
1930	4.28	7065.19	42.801	0
1935	4.28	7070.03	42.8	0
1940	4.28	7072.12	42.799	0
1945	4.34	7072.08	42.799	0
1950	4.34	7114.43	42.798	0
1955	4.33	7144.2	42.796	0
1960	4.33	7151.8	42.797	0
1965	4.39	7154.95	42.795	0
1970	4.39	7157.34	42.795	0
1975	4.39	7159.8	42.794	0
1980	4.39	7163.51	42.791	0
1985	4.44	7167.3	42.792	0
1990	4.43	7160.89	42.79	0
1995	4.43	7224.46	42.789	0
2000	4.45	7241.28	42.79	0
2005	4.45	7246.8	42.787	0
2010	4.5	7247.87	42.787	0
2015	4.5	7250.26	42.785	0
2020	4.49	7255.32	42.785	0
2025	4.51	7260.52	42.784	0
2030	4.5	7260.34	42.783	0
2035	4.57	7243.63	42.782	0
2040	4.56	7312.77	42.78	0
2045	4.57	7336.44	42.779	0
2050	4.56	7337.89	42.779	0
2055	4.62	7340.54	42.778	0
2060	4.62	7343.8	42.778	0
2065	4.62	7348.8	42.777	0
2070	4.61	7354.02	42.776	0
2075	NaN	7353.16	42.774	0
2080	4.67	7339.39	42.774	0
2085	4.67	7403.78	42.773	0
2090	4.68	7427.55	42.772	0
2095	4.68	7431.86	42.772	0
2100	4.69	7432.11	42.77	0
2105	4.68	7435.19	42.77	0
2110	NaN	7439.84	42.769	0
2115	4.75	7443.57	42.768	0
2120	4.75	7445.59	42.768	0
2125	4.75	7442.2	42.768	0
2130	4.75	7502.36	42.766	0
2135	4.81	7516.68	42.764	0
2140	4.8	7521.33	42.764	0
2145	4.79	7523.84	42.763	0
2150	4.81	7526.1	42.763	0
2155	4.82	7530.39	42.762	0
2160	4.86	7537.18	42.761	0
2165	4.87	7535.39	42.758	0
2170	4.87	7531.3	42.759	0
2175	4.86	7588.85	42.757	0
2180	4.91	7608.05	42.755	0
2185	4.92	7611.91	42.753	0
2190	4.94	7613.11	42.752	0
2195	4.91	7616.97	42.752	0
2200	4.93	7619.86	42.751	0
2205	4.97	7626.4	42.751	0
2210	4.97	7626.23	42.749	0
2215	4.96	7622.35	42.749	0
2220	4.97	7683.95	42.748	0
2225	4.97	7696.51	42.748	0
2230	5.01	7699.45	42.747	0
2235	5.03	7699.8	42.747	0
2240	5.02	7703.86	42.747	0
2245	5.02	7712.12	42.745	0
2250	5.08	7713.28	42.743	0
2255	5.09	7714.88	42.744	0
2260	5.08	7704.71	42.743	0
2265	5.08	7769.82	42.742	0
2270	5.13	7783.69	42.74	1
2275	5.13	7787.46	42.74	0
2280	5.14	7787.64	42.741	0
2285	5.13	7792.57	42.742	0
2290	5.13	7796.89	42.741	0
2295	5.19	7801.39	42.74	0
2300	5.19	7802.26	42.74	0
2305	5.17	7802.49	42.74	0
2310	5.18	7858.11	42.738	0
2315	5.18	7868.87	42.738	0
2320	5.25	7874.13	42.736	0
2325	5.24	7873.34	42.738	0
2330	5.25	7878.71	42.734	0
2335	5.24	7884.54	42.734	0
2340	NaN	7884.54	42.734	0
2345	5.29	7885.61	42.732	0
2350	5.3	NaN	42.732	0
2355	5.34	NaN	42.729	0
2360	5.31	NaN	42.727	0
2365	5.33	NaN	42.727	0
2370	5.35	NaN	42.725	0
2375	5.37	NaN	42.723	0
2380	5.37	NaN	42.723	0
2385	5.37	NaN	42.723	0
2390	5.37	NaN	42.721	0
2395	NaN	NaN	42.721	0
2400	5.44	NaN	42.72	0
2405	5.44	NaN	42.72	0
2410	5.43	NaN	42.718	0
2415	5.43	NaN	42.718	0
2420	5.44	NaN	42.717	0
2425	5.48	NaN	42.716	0
2430	5.49	NaN	42.716	0
2435	5.51	NaN	42.715	0
2440	5.49	NaN	42.714	0
2445	5.55	NaN	42.713	0
2450	5.55	NaN	42.714	0
2455	5.55	NaN	42.712	0
2460	5.55	NaN	42.713	0
2465	5.54	NaN	42.714	0
2470	5.59	NaN	42.715	0
2475	5.61	NaN	42.713	0
2480	5.6	NaN	42.713	0
2485	5.6	8141.09	42.711	0
2490	5.59	8151.1	42.711	0
2495	5.6	8199.84	42.711	0
2500	5.64	8209.01	42.71	0
2505	5.66	8210.81	42.708	0
2510	5.66	8212.7	42.707	0
2515	5.66	8216.16	42.706	0
2520	5.73	8220.06	42.706	0
2525	5.71	8222.28	42.705	0
2530	5.71	8222.98	42.705	0
2535	5.72	8217.08	42.704	0
2540	5.72	8284.78	42.703	0
2545	5.76	8291.84	42.703	0
2550	5.77	8292.02	42.701	0
2555	5.77	8294.23	42.702	0
2560	5.78	8297.93	42.702	0
2565	5.77	8304.72	42.7	0
2570	5.79	8304.59	42.699	0
2575	5.8	8305.82	42.699	0
2580	5.8	8287.77	42.698	0
2585	5.87	8362.89	42.697	0
2590	5.86	8369.81	42.695	0
2595	5.86	8370.11	42.693	0
2600	5.85	8373.78	42.695	0
2605	5.87	8376.64	42.693	0
2610	5.9	8382.41	42.693	0
2615	5.9	8387.77	42.692	0
2620	5.9	8383.87	42.691	0
2625	5.92	8384.6	42.691	0
2630	5.98	8441.01	42.689	0
2635	5.95	8447.6	42.688	0
2640	5.98	8450.09	42.689	0
2645	5.97	8451.52	42.688	0
2650	5.96	8457.24	42.688	0
2655	6.02	8460.71	42.685	0
2660	6.01	8465.19	42.686	0
2665	6.02	8464.01	42.685	0
2670	6.03	8453.88	42.685	0
2675	6.03	8509.82	42.683	0
2680	6.13	8525.8	42.682	1
2685	6.14	8525.91	42.682	0
2690	6.09	8529.84	42.681	0
2695	6.11	8533.12	42.68	0
2700	6.11	8537.84	42.68	0
2705	6.09	8538.87	42.678	0
2710	6.15	8539.92	42.677	0
2715	6.16	8526.66	42.677	0
2720	6.17	8587.49	42.676	0
2725	6.17	8600.57	42.675	0
2730	6.22	8602.14	42.674	0
2735	6.21	8604.4	42.675	0
2740	6.22	8610.75	42.673	0
2745	6.22	8616.47	42.673	0
2750	6.23	8618.26	42.671	0
2755	6.23	8616.66	42.671	0
2760	6.24	8608.27	42.669	0
2765	6.24	8650.61	42.669	0
2770	6.3	8676.78	42.67	0
2775	6.3	8677.53	42.668	0
2780	6.29	8680.32	42.667	0
2785	6.29	8685.68	42.666	0
2790	6.29	8691.18	42.666	0
2795	6.34	8696.04	42.666	0
2800	6.35	8693.27	42.664	0
2805	6.35	8693.69	42.665	0
2810	6.34	8712.99	42.663	0
2815	6.37	8752.35	42.664	0
2820	6.4	8754.7	42.664	0
2825	6.4	8755.08	42.662	0
2830	6.42	8760.84	42.661	0
2835	6.41	8766.98	42.661	0
2840	6.45	8767.28	42.661	0
2845	6.46	8768.83	42.659	0
2850	6.46	8773.79	42.658	0
2855	6.45	8787.35	42.658	0
2860	6.46	8826.17	42.656	0
2865	6.49	8825.7	42.655	0
2870	6.51	8829.18	42.654	0
2875	6.51	8838.58	42.654	0
2880	6.5	8842.35	42.653	0
2885	6.51	8840.17	42.654	0
2890	6.57	8842.58	42.652	0
2895	6.57	8844.91	42.652	0
2900	6.56	8845.56	42.65	0
2905	6.56	8896.55	42.65	0
2910	NaN	8899.68	42.65	0
2915	6.63	8904.8	42.65	0
2920	6.63	8910.17	42.648	0
2925	6.66	8914.87	42.647	0
2930	6.64	8913.58	42.646	0
2935	6.66	8915.33	42.644	0
2940	6.68	8918.23	42.644	0
2945	6.68	8916.57	42.644	0
2950	6.68	8963.86	42.642	0
2955	6.68	8972.84	42.643	0
2960	6.7	8976.21	42.642	0
2965	6.74	8984.39	42.641	0
2970	6.74	8989.26	42.643	0
2975	6.74	8989.48	42.641	0
2980	6.74	8988.13	42.641	0
2985	6.73	8991.73	42.64	0
2990	6.78	8997.76	42.641	0
2995	6.79	9014.8	42.639	0
3000	6.79	9045.24	42.638	0
3005	6.78	9049.07	42.638	0
3010	6.84	9053.57	42.636	0
3015	6.85	9059.9	42.636	0
3020	6.85	9061.05	42.636	0
3025	6.84	9059.15	42.634	0
3030	6.84	9066.07	42.634	0
3035	6.89	9068.51	42.635	0
3040	6.9	9068.44	42.632	0
3045	6.89	9114.24	42.632	0
3050	6.9	9118.87	42.631	0
3055	6.89	9126.96	42.631	0
3060	6.93	9129.03	42.632	0
3065	6.95	9128.46	42.631	0
3070	6.96	9130.52	42.63	0
3075	6.95	9136.04	42.629	0
3080	6.99	9141.82	42.628	0
3085	7.01	9115.19	42.627	0
3090	7.01	9184.42	42.626	0
3095	7.04	9188.13	42.625	0
3100	7.02	9195.38	42.626	0
3105	7.02	9198.51	42.625	0
3110	7.06	9198.81	42.624	0
3115	7.05	9201.56	42.625	0
3120	7.05	9206.36	42.625	0
3125	7.07	9210.72	42.624	0
3130	7.08	9204	42.624	0
3135	7.08	9243.04	42.622	0
3140	7.07	9253.81	42.622	0
3145	7.13	9264.54	42.621	1
3150	7.15	9269.16	42.621	0
3155	7.15	9269.75	42.621	0
3160	7.14	9269.52	42.621	0
3165	7.14	9275.68	42.618	0
3170	7.2	9279.13	42.617	0
3175	7.21	9280.22	42.618	0
3180	7.21	9299.7	42.617	0
3185	7.22	9329.37	42.617	0
3190	7.22	9334.65	42.617	0
3195	7.27	9336.68	42.616	0
3200	7.26	9337.89	42.615	0
3205	7.26	9341.95	42.615	0
3210	7.27	9344.62	42.615	0
3215	7.28	9348.41	42.613	0
3220	7.29	9348.72	42.612	0
3225	7.3	9334.92	42.612	0
3230	7.3	9393.52	42.612	0
3235	7.3	9401.37	42.612	0
3240	7.35	9404.1	42.611	0
3245	7.34	9404.28	42.611	0
3250	7.35	9407.8	42.611	0
3255	7.34	9409.93	42.611	0
3260	NaN	9414.68	42.61	0
3265	7.4	9418.33	42.61	0
3270	7.41	9410.08	42.608	0
3275	7.41	9449.03	42.607	0
3280	7.41	9465.15	42.607	0
3285	7.46	9470.1	42.607	0
3290	7.47	9469.98	42.607	0
3295	7.46	9472.93	42.605	0
3300	7.46	9477.28	42.607	0
3305	7.49	9483.74	42.604	0
3310	7.49	9485.55	42.603	0
3315	7.48	9484.93	42.604	0
3320	7.5	9482.79	42.602	0
3325	7.49	9528.96	42.601	0
3330	7.55	9537.31	42.602	0
3335	7.54	9533.61	42.601	0
3340	7.55	9537.32	42.601	0
3345	7.55	9542.63	42.6	0
3350	NaN	9545.44	42.599	0
3355	7.64	9546.1	42.6	0
3360	7.62	9544.24	42.599	0
3365	7.63	9548.59	42.599	0
3370	7.61	9593.29	42.598	0
3375	7.67	9599.73	42.597	0
3380	7.66	9601.23	42.595	0
3385	7.66	9602.91	42.598	0
3390	7.67	9606.77	42.596	0
3395	7.68	9610.64	42.596	0
3400	7.69	9611.12	42.594	0
3405	7.69	9610.65	42.595	0
3410	7.68	9597.49	42.593	0
3415	7.68	9660.34	42.594	0
3420	7.74	9661.8	42.593	0
3425	7.74	9664.64	42.593	0
3430	7.74	9664.73	42.592	0
3435	7.74	9671.7	42.592	0
3440	7.74	9676.86	42.592	0
3445	7.8	9675.56	42.59	0
3450	7.8	9674.5	42.591	0
3455	7.8	9675.51	42.59	0
3460	7.81	9715.49	42.59	0
3465	7.84	9726.81	42.589	0
3470	7.86	9727.82	42.589	0
3475	7.86	9729.26	42.588	0
3480	7.85	9736.16	42.587	0
3485	7.86	9738.72	42.588	0
3490	7.89	9741.34	42.587	0
3495	7.88	9740.06	42.587	0
3500	7.89	9743.11	42.585	0
3505	7.88	9750.51	42.585	0
3510	7.94	9789.18	42.586	0
3515	7.94	9790.87	42.584	0
3520	7.95	9791.66	42.584	0
3525	7.94	9795.33	42.583	0
3530	7.93	9802.81	42.583	0
3535	8.01	9799.92	42.583	0
3540	8	9805.53	42.581	0
3545	8	9811.11	42.581	0
3550	8	9795.95	42.58	0
3555	8.01	9852.74	42.58	0
3560	8.07	9852.86	42.58	0
3565	8.05	9853.98	42.58	0
3570	8.06	9861.44	42.578	0
3575	8.05	9866.69	42.579	0
3580	8.06	9864.43	42.577	0
3585	8.06	9866.57	42.576	0
3590	8.1	9873.24	42.575	0
3595	8.12	9859.67	42.574	0
3600	8.11	9905.49	42.573	0
3605	8.11	9914.13	42.574	0
3610	8.1	9919.26	42.573	0
3615	8.17	9923.53	42.573	1
3620	8.16	9927.67	42.574	0
3625	8.17	9926.51	42.572	0
3630	8.16	9926.09	42.572	0
3635	8.17	9931.7	42.571	0
3640	8.16	9936.81	42.573	0
3645	8.23	9952.39	42.573	0
3650	8.24	9972.25	42.573	0
3655	8.23	9978.53	42.571	0
3660	8.24	9985.01	42.572	0
3665	8.23	9989.32	42.572	0
3670	8.3	9985.03	42.571	0
3675	8.3	9988.47	42.571	0
3680	8.3	9991.75	42.571	0
3685	8.29	9994.4	42.569	0
3690	8.29	9984.23	42.568	0
3695	8.36	10034.61	42.57	0
3700	8.36	10039.3	42.568	0
3705	8.35	10045.23	42.569	0
3710	8.36	10046.77	42.566	0
3715	8.38	10043.83	42.567	0
3720	8.37	10047.11	42.565	0
3725	8.37	10052.88	42.565	0
3730	8.37	10057.25	42.564	0
3735	8.44	10040.3	42.562	0
3740	8.44	10090.91	42.562	0
3745	8.43	10099.72	42.559	0
3750	8.44	10105.88	42.559	0
3755	8.44	10105.08	42.558	0
3760	8.48	10107.11	42.558	0
3765	8.5	10104.51	42.558	0
3770	8.5	10114.58	42.556	0
3775	8.47	10117.25	42.556	0
3780	8.5	10109.72	42.555	0
3785	8.53	10130.07	42.555	0
3790	8.56	10158.42	42.555	0
3795	8.56	10164.71	42.553	0
3800	8.56	10168.12	42.554	0
3805	8.55	10167.04	42.554	0
3810	8.6	10165.87	42.554	0
3815	8.6	10174.32	42.554	0
3820	8.6	10178.34	42.553	0
3825	8.6	10175.87	42.552	0
3830	8.6	10182.42	42.555	0
3835	8.6	10215.86	42.554	0
3840	8.67	10221.53	42.554	0
3845	8.67	10226.42	42.553	0
3850	8.66	10223.77	42.552	0
3855	8.67	10224.6	42.552	0
3860	8.65	10232.98	42.552	0
3865	8.72	10233.66	42.551	0
3870	8.71	10231.89	42.551	0
3875	8.7	10231.64	42.55	0
3880	8.72	10273.07	42.55	0
3885	8.71	10280.87	42.549	0
3890	8.72	10280.68	42.55	0
3895	8.77	10280.86	42.549	0
3900	8.77	10284.91	42.548	0
3905	8.76	10289.59	42.548	0
3910	8.76	10293.85	42.546	0
3915	8.82	10292.53	42.547	0
3920	8.84	10289.16	42.546	0
3925	8.85	10312.94	42.547	0
3930	8.84	10334.08	42.546	0
3935	8.83	10336.96	42.546	0
3940	8.85	10336.73	42.543	0
3945	8.86	10342.64	42.543	0
3950	8.85	10350.19	42.543	0
3955	8.86	10350.46	42.543	0
3960	8.92	10346.73	42.543	0
3965	8.92	10348.82	42.541	0
3970	8.91	10332.7	42.54	0
3975	8.89	10394.16	42.539	0
3980	8.93	10396.33	42.539	0
3985	8.98	10397.66	42.538	0
3990	8.97	10400.53	42.537	0
3995	8.98	10403.16	42.539	0
4000	8.98	10405.65	42.539	0
4005	8.97	10405.57	42.538	0
4010	NaN	10402.43	42.538	0
4015	9.02	10397.58	42.537	0
4020	9.03	10428.84	42.535	0
4025	9.03	10449.33	42.535	0
4030	9.03	10451.87	42.535	0
4035	9.06	10452.61	42.535	0
4040	9.06	10462.96	42.534	0
4045	9.06	10463.68	42.533	0
4050	9.06	10462	42.532	0
4055	9.08	10460.64	42.533	0
4060	9.12	10466.81	42.533	0
4065	9.11	10477.97	42.531	0
4070	9.11	10504.31	42.53	0
4075	9.12	10505.83	42.531	0
4080	9.18	10511.42	42.53	1
4085	9.15	10514.94	42.529	0
4090	9.16	10518.6	42.527	0
4095	9.16	10516.9	42.528	0
4100	9.16	10518.05	42.528	0
4105	9.16	10522.12	42.527	0
4110	9.22	10498.73	42.527	0
4115	9.22	10558.65	42.526	0
4120	9.23	10563.7	42.525	0
4125	9.22	10564.42	42.526	0
4130	9.22	10570.4	42.526	0
4135	9.28	10571.68	42.526	0
4140	9.28	10572.61	42.525	0
4145	9.28	10573.12	42.524	0
4150	9.28	10576.32	42.524	0
4155	9.28	10573.89	42.523	0
4160	9.34	10587.62	42.523	0
4165	9.33	10614.24	42.522	0
4170	9.33	10617.27	42.523	0
4175	9.33	10621.95	42.522	0
4180	9.35	10625.59	42.521	0
4185	9.36	10627.71	42.52	0
4190	9.35	10628.5	42.521	0
4195	9.36	10630.73	42.521	0
4200	9.42	10633.24	42.523	0
4205	9.42	10619.6	42.524	0
4210	9.42	10668.4	42.523	0
4215	9.42	10672.8	42.523	0
4220	9.41	10676.84	42.522	0
4225	9.47	10678.87	42.522	0
4230	9.48	10676.84	42.521	0
4235	9.47	10679.49	42.522	0
4240	9.47	10686.43	42.52	0
4245	9.48	10693.87	42.52	0
4250	9.53	NaN	42.519	0
4255	9.53	NaN	42.519	0
4260	9.53	NaN	42.517	0
4265	9.53	NaN	42.518	0
4270	9.52	NaN	42.517	0
4275	9.53	NaN	42.514	0
4280	9.58	NaN	42.515	0
4285	9.57	NaN	42.512	0
4290	9.57	NaN	42.512	0
4295	9.59	NaN	42.51	0
4300	9.58	NaN	42.511	0
4305	9.64	NaN	42.511	0
4310	9.64	NaN	42.51	0
4315	9.64	NaN	42.509	0
4320	9.63	NaN	42.509	0
4325	9.63	NaN	42.509	0
4330	9.69	NaN	42.508	0
4335	9.69	NaN	42.508	0
4340	9.7	NaN	42.507	0
4345	9.7	NaN	42.506	0
4350	9.72	NaN	42.506	0
4355	9.72	NaN	42.506	0
4360	9.71	NaN	42.507	0
4365	9.72	NaN	42.506	0
4370	9.72	NaN	42.505	0
4375	9.78	NaN	42.505	0
4380	9.78	NaN	42.505	0
4385	9.78	10851.85	42.505	0
4390	9.78	10844.59	42.503	0
4395	9.77	10845.14	42.504	0
4400	9.84	10858.98	42.503	0
4405	9.82	10885.58	42.503	0
4410	9.85	10890.44	42.501	0
4415	9.85	10884.95	42.504	0
4420	9.84	10889.46	42.502	0
4425	9.88	10900.35	42.501	0
4430	9.89	10900.74	42.501	0
4435	9.89	10896.84	42.501	0
4440	9.89	10899.56	42.5	0
4445	9.9	10888.77	42.499	0
4450	9.89	10931.45	42.5	0
4455	9.94	10936.66	42.499	0
4460	9.95	10937.3	42.5	0
4465	9.94	10938.06	42.499	0
4470	9.95	10948.12	42.499	0
4475	9.96	10948.61	42.499	0
4480	10.01	10947.49	42.499	0
4485	10.01	10947.45	42.497	0
4490	10	10950.1	42.497	0
4495	10.01	10966.16	42.496	0
4500	10	10985.75	42.497	0
4505	10.06	10988.38	42.498	0
4510	10.07	10989.57	42.497	0
4515	10.07	10993.09	42.497	0
4520	10.06	10996.27	42.497	0
4525	10.07	10998.13	42.497	0
4530	10.07	10997.55	42.496	0
4535	10.07	11001.86	42.496	0
4540	10.12	11003.5	42.497	0
4545	10.12	11031.81	42.497	0
4550	10.12	11037.86	42.496	0
4555	10.12	11042.75	42.496	0
4560	10.12	11046.66	42.494	0
4565	10.19	11046.62	42.494	1
