0	0.02	1902.33	0.135	0
5	0.02	1901.54	0.135	0
10	0.02	1901.29	0.133	0
15	0.01	1901.54	0.135	0
20	0	1902.25	0.138	0
25	0	1902.21	0.137	0
30	0	1901.56	0.138	0
35	0	1901.2	0.138	0
40	0	1901.96	0.137	0
45	0	1902.69	0.137	0
50	0	1902.17	0.138	0
55	-0.05	1901.83	0.138	0
60	-0.02	1901.61	0.138	0
65	0	1902.55	0.138	0
70	0	1902.31	0.137	0
75	0	1901.94	0.138	0
80	0	1901.66	0.137	0
85	0	1902.29	0.138	0
90	0	1902.82	0.136	0
95	0	1902.59	0.137	0
100	0	1901.95	0.136	0
105	0	1901.71	0.138	0
110	0	1902.56	0.135	0
115	0	1902.65	0.136	0
120	0	1902	0.134	0
125	0	1902.01	0.135	0
130	0	1902.21	0.134	0
135	0	1903.18	0.135	0
140	0	1902.56	0.135	0
145	0	1901.77	0.134	0
150	0	1901.89	0.134	0
155	0	1903.06	0.134	0
160	0	1902.99	0.135	0
165	0	1902.5	0.135	0
170	0	1917.13	0.136	0
175	0	1902.16	0.134	0
180	-0.03	1903.27	0.135	0
185	0	1902.94	0.135	0
190	0	1902.22	0.137	0
195	0	1901.94	0.135	0
200	0	1902.91	0.136	0
205	0	1903.07	0.135	0
210	0	1902.66	0.09	0
215	0	1903.18	21.458	0
220	0.01	1904.41	22.297	0
225	0	1905.24	22.241	0
230	0	1905.24	23.581	0
235	0	1905.11	23.602	0
240	0	1905.47	23.489	0
245	0	1906.59	23.331	0
250	0	1907.79	23.154	0
255	0	1907.6	22.97	0
260	0	1907.45	22.806	0
265	0	1907.54	22.7	0
270	0	1908.89	22.644	0
275	0	1909.04	22.603	0
280	0	1908.69	22.566	0
285	0	1908.61	22.53	0
290	0	1909.56	22.5	0
295	0	1910.42	22.469	0
300	0	1910.22	22.442	0
305	0	1910.36	22.419	0
310	0	1910.81	22.396	0
315	0	1911.89	22.373	0
320	0	1912.2	22.352	0
325	0	1912.56	22.334	0
330	0	1912.85	22.315	0
335	0	1914.2	22.297	0
340	0	1915.66	22.283	0
345	0	1915.85	22.265	0
350	0	1916.52	22.25	0
355	0	1918.25	22.236	0
360	0	1919.91	22.22	0
365	0	1921.26	22.208	0
370	0	1922.27	22.194	0
375	0	1924.67	22.182	0
380	0	1927.03	22.171	0
385	0	1929.34	22.158	0
390	0	1931.21	22.147	0
395	0	1932.93	22.137	0
400	0	1935.47	22.124	0
405	0	1938.62	22.115	0
410	0	1941.13	22.106	0
415	0	1942.67	22.096	0
420	0	1945.55	22.087	0
425	0	1948.5	22.078	0
430	0	1951.66	22.068	0
435	0	1953.71	22.061	0
440	0	1955.11	22.051	0
445	0	1957.75	22.044	0
450	0	1960.42	22.036	0
455	0	1963.02	22.027	0
460	0	1964.3	22.02	0
465	0	1967.25	22.014	0
470	0	1970.23	22.005	0
475	0	1973.68	21.999	0
480	0	1976.16	21.992	0
485	0	1978.31	21.985	0
490	0	1981.61	21.979	0
495	0	1985.62	21.971	0
500	0	1988.83	21.965	0
505	0	1992.05	21.959	0
510	0	1994.98	21.953	0
515	0	1998.44	21.947	0
520	0	2002.35	21.941	0
525	0	2005.73	21.936	0
530	0	2007.93	21.931	0
535	0	2011.49	21.925	0
540	0	2015.86	21.919	0
545	0	2019.3	21.914	0
550	0	2022.58	21.909	0
555	0	2025.66	21.903	0
560	0	2030.67	21.9	0
565	0	2038.43	21.895	0
570	0	2048.08	21.892	0
575	0	2056.49	21.887	0
580	0	2066.05	21.882	0
585	0	2075.6	21.877	0
590	0	2085.62	21.873	0
595	0	2093.72	21.868	0
600	0	2101.74	21.864	0
605	0	2110.99	21.86	0
610	0	2120.57	21.854	0
615	0	2129.44	21.851	0
620	0	2137.63	21.846	0
625	0	2146.5	21.842	0
630	0	2155.7	21.838	0
635	0	2165.39	21.835	0
640	0	2172.24	21.83	0
645	0	2180.49	21.825	0
650	0	2188.83	21.823	0
655	0	2198.16	21.818	0
660	0	2207.55	21.814	0
665	0	2216.24	21.81	0
670	0	2224.11	21.807	0
675	0	2232.53	21.802	0
680	0	2242.1	21.799	0
685	0	2251.69	21.796	0
690	0	2259.56	21.792	0
695	0	2268.04	21.789	0
700	0	2276.96	21.787	0
705	0	2286.53	21.782	0
710	0	2295.16	21.779	0
715	0	2303.23	21.775	0
720	0	2311.24	21.771	0
725	0	2321.46	21.769	0
730	0	2331.15	21.764	0
735	0	2339.12	21.762	0
740	0	2346.82	21.759	0
745	0	2356	21.755	0
750	0	2366.1	21.754	0
755	0	2375.34	21.75	0
760	0	2383	21.745	0
765	0	2392.74	21.743	0
770	0	2402.13	21.74	0
775	0	2410.73	21.738	0
780	0	2418.46	21.734	0
785	0	2427.36	21.731	0
790	0	2436.26	21.729	0
795	0	2445.33	21.726	0
800	0	2453.46	21.722	0
805	0	2461.21	21.72	0
810	0	2470.53	21.718	0
815	0	2479.79	21.714	0
820	0	2488.9	21.712	0
825	0	2496.3	21.71	0
830	0	2504.26	21.707	0
835	0	2513.14	21.704	0
840	0	2522.91	21.702	0
845	0	2531.43	21.699	0
850	0	2539.13	21.695	0
855	0	2547.67	21.694	0
860	0	2557.17	21.691	0
865	0	2566.68	21.689	0
870	0	2574.17	21.685	0
875	0	2582.16	21.682	0
880	0	2591.61	21.68	0
885	0	2600.03	21.675	0
890	0.03	2608.7	21.673	0
895	0.04	2616.25	21.669	0
900	0.03	2624.63	21.666	0
905	0.04	2634.4	21.665	0
910	0.04	2643.05	21.664	0
915	0.04	2650.75	21.663	0
920	0.08	2658.73	21.662	0
925	0.08	2668.88	21.662	0
930	0.08	2677.83	21.661	0
935	0.08	2687.52	21.662	0
940	0.08	2695.11	21.663	0
945	0.08	2703.92	21.664	0
950	0.08	2713.64	21.663	0
955	0.13	2723.5	21.661	0
960	0.13	2731.5	21.659	0
965	0.13	2738.84	21.659	0
970	0.13	2748.46	21.657	0
975	0.13	2758.4	21.657	0
980	0.13	2767.96	21.656	0
985	0.18	2775.53	21.656	0
990	0.17	2783.41	21.656	0
995	0.17	2792.52	21.654	0
1000	0.17	2801.96	21.654	0
1005	0.17	2809.8	21.651	0
1010	0.17	2817.44	21.649	0
1015	0.17	2826.64	21.646	0
1020	0.22	2835.31	21.645	0
1025	0.22	2844.02	21.642	0
1030	0.22	2851.8	21.642	0
1035	0.21	2859.01	21.639	0
1040	0.22	2867.5	21.637	0
1045	0.22	2876.52	21.635	0
1050	0.22	2884.75	21.633	0
1055	0.26	2891.81	21.63	0
1060	0.26	2899.66	21.628	0
1065	0.26	2908.78	21.628	0
1070	0.27	2917.11	21.626	0
1075	0.27	2925.32	21.624	0
1080	0.27	2932.05	21.622	0
1085	0.31	2940.39	21.62	0
1090	0.31	2947.41	21.62	0
1095	0.31	2957.07	21.616	0
1100	0.32	2964.32	21.615	0
1105	0.32	2971.22	21.613	0
1110	0.31	2979.58	21.611	0
1115	0.31	2988.36	21.609	0
1120	0.35	2997.38	21.608	0
1125	0.36	3004.61	21.606	0
1130	0.36	3011.4	21.604	0
1135	0.36	3020.18	21.603	0
1140	0.36	3029.75	21.6	0
1145	0.35	3037.68	21.6	0
1150	0.35	3044.68	21.598	0
1155	0.4	3052.25	21.596	0
1160	0.4	3061.61	21.594	0
1165	0.4	3070.75	21.593	0
1170	0.4	3077.3	21.592	0
1175	0.4	3084.49	21.59	0
1180	0.4	3092.99	21.59	0
1185	0.4	3102.68	21.587	0
1190	0.45	3110.3	21.585	0
1195	0.44	3117.23	21.583	0
1200	0.45	3126.76	21.582	0
1205	0.45	3134.8	21.579	0
1210	0.45	3143.12	21.58	0
1215	0.45	3149.93	21.578	0
1220	0.46	3157.57	21.577	0
1225	0.5	3166.3	21.574	0
1230	0.5	3174.67	21.571	0
1235	0.5	3181.98	21.569	0
1240	0.5	3188.56	21.569	0
1245	0.5	3197.17	21.566	0
1250	0.49	3205.97	21.566	0
1255	0.54	3214.28	21.565	0
1260	0.55	3220.74	21.564	0
1265	0.55	3228.32	21.561	0
1270	0.55	3237.18	21.561	0
1275	0.55	3245.21	21.559	0
1280	0.55	3253.87	21.556	0
1285	0.54	3259.98	21.555	0
1290	0.59	3268.49	21.555	0
1295	0.59	3277.8	21.554	0
1300	0.59	3285.4	21.551	0
1305	0.59	3292.76	21.548	0
1310	0.59	3299.54	21.548	0
1315	0.59	3308.27	21.546	0
1320	0.59	3316.4	21.546	0
1325	0.64	3324.26	21.543	0
1330	0.64	3330.95	21.544	0
1335	0.64	3338.37	21.541	0
1340	0.64	3347.42	21.541	0
1345	0.64	3355.94	21.538	0
1350	0.64	3362.41	21.538	0
1355	0.64	3368.84	21.536	0
1360	0.69	3377.41	21.534	0
1365	0.69	3386.3	21.533	0
1370	0.69	3394.04	21.533	0
1375	0.69	3400.76	21.531	0
1380	0.69	3407.45	21.529	0
1385	0.68	3415.95	21.526	0
1390	0.68	3424.87	21.526	0
1395	0.74	3431.55	21.525	0
1400	0.73	3437.87	21.524	0
1405	0.73	3445.84	21.522	0
1410	0.73	3454.5	21.522	0
1415	0.73	3462.73	21.521	0
1420	0.74	3469.28	21.519	0
1425	0.73	3477.1	21.518	0
1430	0.78	3484.86	21.517	0
1435	0.78	3493.58	21.515	0
1440	0.78	3500.84	21.514	0
1445	0.78	3507.1	21.513	0
1450	0.78	3515.45	21.512	0
1455	0.77	3523.94	21.51	0
1460	0.77	3532.19	21.508	0
1465	0.82	3538.31	21.507	0
1470	0.83	3545.74	21.507	0
1475	0.83	3553.62	21.505	0
1480	0.83	3561.92	21.504	0
1485	0.83	3569.92	21.503	0
1490	0.83	3575.74	21.501	0
1495	0.83	3583.59	21.5	0
1500	0.87	3592.45	21.5	0
1505	0.88	3600.39	21.498	0
1510	0.88	3606.77	21.497	0
1515	0.88	3613.14	21.495	0
1520	0.88	3621.69	21.494	0
1525	0.88	3629.87	21.492	0
1530	0.88	3637.72	21.491	0
1535	0.93	3643.61	21.49	0
1540	0.93	3650.45	21.489	0
1545	0.92	3656.66	21.486	0
1550	0.92	3665.67	21.487	0
1555	0.92	3673.21	21.485	0
1560	0.92	3680.26	21.483	0
1565	0.92	3686.61	21.483	0
1570	0.97	3694.76	21.482	0
1575	0.97	3703.19	21.482	0
1580	0.97	3710.62	21.481	0
1585	0.97	3717.26	21.479	0
1590	0.97	3724.18	21.478	0
1595	0.97	3732.57	21.478	0
1600	0.97	3741	21.476	0
1605	1.01	3747.33	21.475	1
1610	0.98	3754.41	21.473	0
1615	0.98	3761.41	21.474	0
1620	0.98	3770.25	21.473	0
1625	0.99	3778.2	21.475	0
1630	1.02	3784.11	21.478	0
1635	1.02	3790.28	21.483	0
1640	1.02	3802.65	21.487	0
1645	1.02	3811.08	21.49	0
1650	1.02	3818.05	21.497	0
1655	1.02	3825.39	21.503	0
1660	1.04	3835.27	21.508	0
1665	1.04	3844.6	21.514	0
1670	1.04	3852.36	21.521	0
1675	1.04	3859.64	21.526	0
1680	1.04	3869.36	21.532	0
1685	1.07	3879.41	21.536	0
1690	1.08	3888.66	21.543	0
1695	1.08	3896.08	21.549	0
1700	1.08	3905.54	21.557	0
1705	1.07	3914.67	21.56	0
1710	1.11	3924.42	21.566	0
1715	1.11	3933.2	21.57	0
1720	1.11	3939.98	21.575	0
1725	1.11	3949.92	21.574	0
1730	1.11	3959.74	21.575	0
1735	1.14	3968.18	21.576	0
1740	1.14	3975.21	21.573	0
1745	1.14	3982.62	21.572	0
1750	1.14	3990.75	21.569	0
1755	1.14	3999.34	21.568	0
1760	1.18	4006.38	21.566	0
1765	1.18	4011.94	21.562	0
1770	1.18	4019.2	21.559	0
1775	1.18	4027.08	21.557	0
1780	1.18	4034.37	21.554	0
1785	1.21	4039.96	21.55	0
1790	1.21	4045.09	21.548	0
1795	1.21	4052.46	21.545	0
1800	1.21	4060.24	21.541	0
1805	1.21	4065.92	21.538	0
1810	1.22	4071.42	21.536	0
1815	1.25	4077.79	21.533	0
1820	1.25	4085.15	21.53	0
1825	1.25	4092.68	21.528	0
1830	1.25	4098.28	21.525	0
1835	1.25	4102.23	21.523	0
1840	1.28	4109.63	21.519	0
1845	1.28	4117.99	21.518	0
1850	1.28	4125.08	21.516	0
1855	1.28	4129.52	21.515	0
1860	1.28	4135.56	21.513	0
1865	1.32	4143.41	21.513	0
1870	1.32	4150.34	21.51	0
1875	1.32	4156.49	21.508	0
1880	1.32	4161.31	21.508	0
1885	1.31	4168.39	21.507	0
1890	1.31	4176.56	21.506	0
1895	1.36	4184.16	21.502	0
1900	1.36	4188.95	21.501	0
1905	1.36	4194.36	21.501	0
1910	1.35	4202.2	21.5	0
1915	1.35	4210.03	21.499	0
1920	1.39	4217.01	21.498	0
1925	1.39	4222.76	21.497	0
1930	1.4	4228.91	21.495	0
1935	1.39	4237.41	21.494	0
1940	1.39	4244.94	21.493	0
1945	1.39	4250.47	21.492	0
1950	1.43	4256.94	21.491	0
1955	1.43	4244.47	21.491	0
1960	1.43	4257.4	21.49	0
1965	1.42	4265.22	21.489	0
1970	1.42	4270.96	21.489	0
1975	1.44	4277.13	21.488	0
1980	1.46	4285.61	21.486	0
1985	1.46	4291.33	21.486	0
1990	1.46	4299.14	21.487	0
1995	1.46	4305.09	21.486	0
2000	1.46	4310.68	21.486	0
2005	1.49	4317.62	21.486	0
2010	1.49	4327.66	21.485	0
2015	1.5	4333.86	21.484	0
2020	1.49	4338.97	21.482	0
2025	1.5	4345.34	21.482	0
2030	1.5	4353.49	21.479	0
2035	1.54	4360.38	21.478	0
2040	1.54	4367.06	21.477	0
2045	1.55	4372.11	21.476	0
2050	1.56	4378.7	21.474	0
2055	1.54	4388.2	21.473	0
2060	1.54	4393.48	21.472	0
2065	1.58	4399.11	21.471	0
2070	1.58	4404.32	21.468	0
2075	1.58	4414.47	21.468	0
2080	1.57	4420.64	21.466	0
2085	1.58	4425.29	21.465	0
2090	1.58	4432.8	21.463	0
2095	1.62	4440.32	21.463	0
2100	1.61	4447.7	21.463	0
2105	1.61	4453.61	21.461	0
2110	1.61	4459.18	21.461	0
2115	1.61	4465.64	21.46	0
2120	1.62	4473.96	21.458	0
2125	1.62	4481.04	21.458	0
2130	1.62	4485.99	21.456	0
2135	1.62	4492.23	21.456	0
2140	1.64	4499.81	21.454	0
2145	1.64	4507.28	21.453	0
2150	1.64	4513.2	21.452	0
2155	1.64	4518.26	21.45	0
2160	1.64	4524.77	21.45	0
2165	1.65	4533.63	21.448	0
2170	1.69	4540.68	21.447	0
2175	1.69	4545.29	21.447	0
2180	1.69	4550.68	21.445	0
2185	1.69	4558.11	21.444	0
2190	1.68	4565.67	21.442	0
2195	1.69	4572.31	21.442	0
2200	1.73	4576.97	21.441	0
2205	1.73	4584.58	21.44	0
2210	1.73	4591.18	21.439	0
2215	1.73	4599.37	21.437	0
2220	1.73	4604.58	21.438	0
2225	1.73	4609.73	21.436	0
2230	1.77	4616.8	21.435	0
2235	1.77	4624.86	21.436	0
2240	1.76	4631.4	21.433	0
2245	1.76	4636.12	21.433	0
2250	1.77	4642.23	21.432	0
2255	1.76	4650.33	21.431	0
2260	1.81	4657.72	21.43	0
2265	1.81	4662.64	21.428	0
2270	1.8	4667.35	21.427	0
2275	1.81	4674.61	21.426	0
2280	1.8	4682.39	21.425	0
2285	1.8	4689.55	21.424	0
2290	1.84	4694.34	21.423	0
2295	1.85	4699.68	21.422	0
2300	1.85	4707.26	21.421	0
2305	1.84	4714.4	21.42	0
2310	1.84	4720.86	21.418	0
2315	1.85	4725.08	21.418	0
2320	1.88	4732.95	21.416	0
2325	1.89	4739.67	21.416	0
2330	1.89	4746.78	21.414	0
2335	1.89	4752.23	21.415	0
2340	1.89	4756.62	21.413	0
2345	1.88	4763.87	21.412	0
2350	1.92	4771.39	21.411	0
2355	1.93	4777.69	21.41	0
2360	1.93	4782.14	21.408	0
2365	1.93	4789.17	21.407	0
2370	1.93	4796.48	21.407	0
2375	1.93	4803.42	21.405	0
2380	1.93	4808.63	21.404	0
2385	1.96	4813.37	21.403	0
2390	1.97	4819.8	21.402	0
2395	1.97	4828.24	21.401	0
2400	1.96	4835.3	21.4	0
2405	1.97	4839.68	21.4	0
2410	1.97	4845.2	21.399	0
2415	2.01	4852.54	21.396	1
2420	2.04	4859.71	21.396	0
2425	2.05	4865.76	21.396	0
2430	2.05	4869.67	21.395	0
2435	2.05	4875.27	21.393	0
2440	2.06	4882.55	21.393	0
2445	2.06	4890.46	21.392	0
2450	2.06	4896.19	21.391	0
2455	2.06	4900.46	21.39	0
2460	2.06	4905.72	21.389	0
2465	2.08	4914.91	21.387	0
2470	2.09	4921.23	21.387	0
2475	2.08	4926.64	21.386	0
2480	2.09	4931.4	21.386	0
2485	2.09	4937.89	21.383	0
2490	2.12	4946.3	21.383	0
2495	2.12	4951.75	21.385	0
2500	2.12	4957.14	21.383	0
2505	2.12	4961.26	21.382	0
2510	2.11	4970.51	21.383	0
2515	2.15	4977.8	21.383	0
2520	2.16	4982.61	21.378	0
2525	2.15	4987.86	21.375	0
2530	2.15	4993.15	21.375	0
2535	2.15	5002.48	21.374	0
2540	2.15	5008.22	21.373	0
2545	2.19	5012.31	21.373	0
2550	2.19	5019.66	21.372	0
2555	2.18	5026.67	21.374	0
2560	2.18	5033.07	21.372	0
2565	2.18	5037.21	21.371	0
2570	2.21	5043.25	21.372	0
2575	2.21	5050.75	21.369	0
2580	2.22	5058.02	21.369	0
2585	2.22	5062.63	21.367	0
2590	2.22	5066.84	21.367	0
2595	2.23	5074.03	21.367	0
2600	2.25	5082.12	21.366	0
2605	2.25	5088.89	21.366	0
2610	2.25	5092.11	21.365	0
2615	2.25	5096.66	21.363	0
2620	2.25	5104.94	21.363	0
2625	2.28	5112.61	21.361	0
2630	2.29	5117.28	21.36	0
2635	2.29	5120.8	21.359	0
2640	2.29	5127.68	21.358	0
2645	2.29	5135.32	21.357	0
2650	2.29	5142.43	21.355	0
2655	2.32	5146.43	21.354	0
2660	2.33	5151.45	21.355	0
2665	2.33	5158.78	21.353	0
2670	2.32	5164.59	21.351	0
2675	2.32	5171.51	21.352	0
2680	2.32	5175.96	21.352	0
2685	2.32	5181.86	21.351	0
2690	2.35	5189.34	21.35	0
2695	2.35	5196.53	21.349	0
2700	2.35	5201.65	21.349	0
2705	2.35	5205.99	21.347	0
2710	2.36	5212.39	21.347	0
2715	2.35	5218.75	21.346	0
2720	2.35	5225.49	21.345	0
2725	2.38	5229.24	21.345	0
2730	2.38	5235.34	21.344	0
2735	2.39	5242.48	21.342	0
2740	2.39	5249.03	21.342	0
2745	2.38	5253.72	21.341	0
2750	2.38	5258.7	21.339	0
2755	2.42	5265.2	21.339	0
2760	2.42	5272.42	21.339	0
2765	2.42	5279.08	21.337	0
2770	2.41	5282.79	21.337	0
2775	2.42	5288.42	21.336	0
2780	2.43	5294.94	21.336	0
2785	2.47	5302.85	21.335	0
2790	2.47	5307.86	21.336	0
2795	2.46	5311.02	21.335	0
2800	2.47	5317.62	21.333	0
2805	2.46	5325.22	21.333	0
2810	2.47	5332.33	21.334	0
2815	2.5	5335.84	21.331	0
2820	2.5	5341.19	21.331	0
2825	2.5	5348.08	21.33	0
2830	2.5	5355.41	21.33	0
2835	2.48	5360.67	21.329	0
2840	2.51	5364.03	21.328	0
2845	2.54	5370.77	21.328	0
2850	2.53	5377.76	21.328	0
2855	2.53	5384.91	21.327	0
2860	2.54	5388.81	21.327	0
2865	2.54	5393.26	21.326	0
2870	2.55	5399.98	21.324	0
2875	2.58	5407.38	21.325	0
2880	2.58	5413.03	21.323	0
2885	2.58	5417.38	21.321	0
2890	2.58	5422.38	21.321	0
2895	2.58	5429.88	21.32	0
2900	2.58	5436.71	21.32	0
2905	2.61	5441.27	21.319	0
2910	2.61	5445.33	21.318	0
2915	2.61	5451.87	21.318	0
2920	2.61	5458.22	21.316	0
2925	2.61	5465.64	21.317	0
2930	2.61	5468.64	21.316	0
2935	2.65	5474.17	21.314	0
2940	2.65	5480.54	21.314	0
2945	2.65	5488.11	21.313	0
2950	2.65	5492.11	21.312	0
2955	2.65	5496.69	21.312	0
2960	2.65	5502.22	21.311	0
2965	2.68	5510.25	21.309	0
2970	2.68	5516.28	21.309	0
2975	2.69	5519.73	21.308	0
2980	2.69	5525.26	21.309	0
2985	2.68	5531.77	21.307	0
2990	2.68	5539.26	21.307	0
2995	2.72	5543.77	21.305	0
3000	2.72	5547.58	21.306	0
3005	2.72	5553.93	21.305	0
3010	2.72	5560.75	21.304	0
3015	2.72	5567.75	21.304	0
3020	2.72	5570.9	21.303	0
3025	2.73	5576.16	21.302	0
3030	2.74	5581.74	21.301	0
3035	2.75	5590.04	21.302	0
3040	2.75	5595.46	21.3	0
3045	2.75	5598.58	21.3	0
3050	2.75	5604.83	21.299	0
3055	2.74	5611.47	21.299	0
3060	2.75	5618	21.298	0
3065	2.79	5622.49	21.297	0
3070	2.79	5627.11	21.297	0
3075	2.78	5632.98	21.295	0
3080	2.78	5640.12	21.295	0
3085	2.79	5646.11	21.296	0
3090	2.79	5648.82	21.295	0
3095	2.8	5655.01	21.294	0
3100	2.82	5661.39	21.293	0
3105	2.82	5668.24	21.292	0
3110	2.83	5673.11	21.291	0
3115	2.83	5676.38	21.291	0
3120	2.82	5683.65	21.29	0
3125	2.83	5689.67	21.289	0
3130	2.86	5696.36	21.289	0
3135	2.86	5699.29	21.288	0
3140	2.86	5704.47	21.287	0
3145	2.86	5711.07	21.286	0
3150	2.86	5718.31	21.287	0
3155	2.85	5722.95	21.286	0
3160	2.89	5726.79	21.285	0
3165	2.9	5732.74	21.284	0
3170	2.9	5740.08	21.283	0
3175	2.9	5746.69	21.283	0
3180	2.9	5749.59	21.282	0
3185	2.91	5753.74	21.281	0
3190	2.91	5761.04	21.281	0
3195	2.95	5767.61	21.279	0
3200	2.95	5772.07	21.279	0
3205	2.94	5775.74	21.279	0
3210	2.94	5781.33	21.279	0
3215	2.95	5789.02	21.279	0
3220	2.94	5794.9	21.279	0
3225	2.98	5798.67	21.277	0
3230	2.98	5802.73	21.276	0
3235	2.98	5809.27	21.276	0
3240	2.98	5815.44	21.277	0
3245	2.98	5821.56	21.274	0
3250	2.98	5824.73	21.273	0
3255	2.98	5830.44	21.273	0
3260	3.02	5836.47	21.273	1
3265	3.09	5843.89	21.273	0
3270	3.09	5848.09	21.272	0
3275	3.08	5850.79	21.272	0
3280	3.07	5856.93	21.271	0
3285	3.07	5864.03	21.27	0
3290	3.07	5870.21	21.27	0
3295	3.12	5873.35	21.27	0
3300	3.13	5877.59	21.268	0
3305	3.13	5885.19	21.267	0
3310	3.13	5891.98	21.267	0
3315	3.12	5896.18	21.266	0
3320	3.12	5898.88	21.266	0
3325	3.12	5904.99	21.266	0
3330	3.11	5912.1	21.263	0
3335	3.16	5918.28	21.263	0
3340	3.16	5920.84	21.263	0
3345	3.17	5925.86	21.262	0
3350	3.17	5932.29	21.262	0
3355	3.17	5939.88	21.262	0
3360	3.17	5943.85	21.26	0
3365	3.17	5946.75	21.259	0
3370	3.17	5953.08	21.258	0
3375	3.17	5960.01	21.258	0
3380	3.17	5966.98	21.256	0
3385	3.17	5969.73	21.258	0
3390	3.17	5974.35	21.255	0
3395	3.21	5980.14	21.254	0
3400	3.21	5987.27	21.253	0
3405	3.21	5992.09	21.255	0
3410	3.21	5994.68	21.255	0
3415	3.21	6000.32	21.253	0
3420	3.2	6007.77	21.253	0
3425	3.2	6014.6	21.252	0
3430	3.21	6017.65	21.251	0
3435	3.26	6020.61	21.251	0
3440	3.26	6027.1	21.25	0
3445	3.25	6034.68	21.25	0
3450	3.25	6039.86	21.249	0
3455	3.25	6042.38	21.248	0
3460	3.25	6047.68	21.243	0
3465	3.24	6055.1	21.243	0
3470	3.3	6061.14	21.242	0
3475	3.3	6064.53	21.242	0
3480	3.3	6067.71	21.241	0
3485	3.31	6073.71	21.24	0
3490	3.3	6080.91	21.241	0
3495	3.3	6086.25	21.239	0
3500	3.3	6089.05	21.238	0
3505	3.3	6093.5	21.239	0
3510	3.35	6100.48	21.239	0
3515	3.35	6106.63	21.238	0
3520	3.35	6110.79	21.238	0
3525	3.35	6113.35	21.237	0
3530	3.35	6119.95	21.236	0
3535	3.35	6126.73	21.236	0
3540	3.35	6132.29	21.236	0
3545	3.35	6134.67	21.235	0
3550	3.4	6138.92	21.234	0
3555	3.39	6145.93	21.233	0
3560	3.39	6152.36	21.234	0
3565	3.39	6156.42	21.233	0
3570	3.39	6159.91	21.233	0
3575	3.39	6165.34	21.231	0
3580	3.39	6171.66	21.231	0
3585	3.4	6178.82	21.231	0
3590	3.41	6181.72	21.23	0
3595	3.41	6185.13	21.229	0
3600	3.41	6192.07	21.229	0
3605	3.41	6198.72	21.228	0
3610	3.41	6204.17	21.228	0
3615	3.41	6206.94	21.226	0
3620	3.4	6211.68	21.227	0
3625	3.45	6218.25	21.226	0
3630	3.45	6225.19	21.225	0
3635	3.45	6228.28	21.223	0
3640	3.45	6231.9	21.224	0
3645	3.45	6237.6	21.223	0
3650	3.45	6244.52	21.223	0
3655	3.45	6250.08	21.222	0
3660	3.45	6251.74	21.221	0
3665	3.5	6258.33	21.221	0
3670	3.5	6264	21.221	0
3675	3.5	6271.02	21.22	0
3680	3.5	6274.89	21.219	0
3685	3.5	6277.75	21.219	0
3690	3.5	6283.02	21.217	0
3695	3.5	6290.36	21.217	0
3700	3.5	6296.63	21.217	0
3705	3.54	6298.9	21.216	0
3710	3.54	6303.01	21.215	0
3715	3.55	6309.41	21.214	0
3720	3.55	6316.48	21.214	0
3725	3.55	6320.46	21.214	0
3730	3.56	6322.83	21.213	0
3735	3.55	6328.67	21.212	0
3740	3.55	6335.55	21.213	0
3745	3.6	6341.93	21.211	0
3750	3.6	6344.33	21.21	0
3755	3.6	6349.31	21.209	0
3760	3.6	6355.45	21.209	0
3765	3.6	6361.2	21.209	0
3770	3.6	6366.63	21.208	0
3775	3.6	6368.41	21.207	0
3780	3.6	6373.9	21.209	0
3785	3.65	6381.94	21.207	0
3790	3.65	6387.42	21.208	0
3795	3.64	6390.51	21.207	0
3800	3.64	6393.82	21.208	0
3805	3.65	6400.25	21.212	0
3810	3.65	6407.5	21.217	0
3815	3.65	6412.64	21.221	0
3820	3.69	6415.72	21.227	0
3825	3.69	6421.13	21.231	0
3830	3.69	6429.72	21.233	0
3835	3.69	6436.91	21.235	0
3840	3.69	6440.69	21.238	0
3845	3.69	6444.15	21.242	0
3850	3.68	6451.07	21.244	0
3855	3.68	6459.01	21.247	0
3860	3.73	6465.16	21.248	0
3865	3.73	6468.87	21.252	0
3870	3.73	6473.17	21.257	0
3875	3.73	6481.74	21.26	0
3880	3.73	6487.95	21.264	0
3885	3.73	6493.15	21.269	0
3890	3.73	6496.24	21.273	0
3895	3.73	6503.32	21.275	0
3900	3.73	6510.9	21.276	0
3905	3.73	6517.62	21.278	0
3910	3.73	6521.28	21.276	0
3915	3.73	6525.02	21.276	0
3920	3.77	6532.51	21.277	0
3925	3.78	6539.4	21.276	0
3930	3.78	6544.14	21.275	0
3935	3.78	6546.49	21.274	0
3940	3.78	6552.03	21.273	0
3945	3.78	6558.82	21.272	0
3950	3.77	6565.03	21.27	0
3955	3.78	6567.05	21.269	0
3960	3.82	6570.51	21.267	0
3965	3.82	6576.43	21.266	0
3970	3.82	6582.45	21.265	0
3975	3.82	6588.37	21.262	0
3980	3.82	6590.04	21.26	0
3985	3.82	6595.7	21.259	0
3990	3.82	6602.11	21.259	0
3995	3.82	6607.43	21.257	0
4000	3.87	6610.16	21.255	0
4005	3.87	6612.43	21.254	0
4010	3.86	6618.99	21.253	0
4015	3.87	6625.19	21.252	0
4020	3.87	6630.64	21.25	0
4025	3.87	6632.58	21.25	0
4030	3.87	6637.23	21.248	0
4035	3.87	6643.9	21.248	0
4040	3.92	6648.73	21.246	0
4045	3.92	6652.58	21.244	0
4050	3.91	6655.1	21.244	0
4055	3.92	6661.29	21.241	0
4060	3.92	6667.77	21.24	0
4065	3.92	6673.27	21.239	0
4070	3.91	6675.42	21.238	0
4075	3.91	6678.6	21.237	0
4080	3.96	6684.5	21.237	0
4085	3.96	6691.06	21.235	0
4090	3.96	6694.62	21.234	0
4095	3.96	6696.15	21.234	0
4100	3.96	6702.43	21.232	0
4105	3.96	6708.76	21.232	0
4110	3.96	6714.54	21.231	0
4115	3.96	6717.16	21.23	0
4120	3.96	6720.76	21.229	0
4125	3.96	6726.29	21.228	0
4130	3.96	6732.81	21.226	0
4135	4	6737.58	21.227	0
4140	4	6739.16	21.225	0
4145	4	6743.78	21.224	0
4150	4	6750.99	21.225	0
4155	4	6757.28	21.224	0
4160	4	6760.39	21.221	0
4165	4.01	6762.11	21.222	0
4170	4.01	6768.14	21.22	0
4175	4.05	6774.64	21.22	1
4180	4.12	6779.23	21.22	0
4185	4.12	6782.04	21.219	0
4190	4.12	6786.6	21.219	0
4195	4.12	6793.42	21.219	0
4200	4.12	6798.77	21.218	0
4205	4.12	6802.21	21.218	0
4210	4.12	6803.9	21.218	0
4215	4.12	6810.25	21.216	0
4220	4.17	6818.67	21.215	0
4225	4.17	6823.31	21.215	0
4230	4.17	6824.62	21.215	0
4235	4.17	6828.82	21.213	0
4240	4.17	6835.79	21.213	0
4245	4.16	6842.47	21.213	0
4250	4.16	6845.53	21.212	0
4255	4.16	6847.25	21.211	0
4260	4.22	6852.09	21.212	0
4265	4.21	6860.14	21.21	0
4270	4.21	6865.37	21.21	0
4275	4.21	6867.37	21.211	0
4280	4.22	6870.72	21.21	0
4285	4.21	6876.75	21.209	0
4290	4.21	6883.32	21.21	0
4295	4.21	6888.23	21.208	0
4300	4.21	6889.64	21.208	0
4305	4.26	6895.05	21.206	0
4310	4.26	6902.09	21.208	0
4315	4.27	6908.53	21.208	0
4320	4.26	6908.91	21.204	0
4325	4.26	6912.78	21.207	0
4330	4.26	6919.44	21.207	0
4335	4.26	6925.56	21.206	0
4340	4.26	6930.35	21.205	0
4345	NaN	6932.08	21.204	0
4350	4.32	6937.33	21.204	0
4355	4.31	6943.4	21.203	0
4360	4.31	6949.08	21.202	0
4365	4.31	6951.82	21.201	0
4370	4.31	6954.81	21.2	0
4375	4.31	6960.19	21.2	0
4380	4.31	6967.31	21.201	0
4385	4.31	6972.59	21.199	0
4390	4.36	6974.56	21.199	0
4395	4.36	6978.17	21.2	0
4400	4.36	6985.56	21.199	0
4405	4.36	6991	21.201	0
4410	4.36	6993.14	21.207	0
4415	4.36	6995.74	21.214	0
4420	4.37	7002.46	21.221	0
4425	4.37	7009.39	21.228	0
4430	4.37	7016.56	21.236	0
4435	4.36	7019.1	21.245	0
4440	4.37	7024.03	21.251	0
4445	4.37	7031.15	21.256	0
4450	4.37	7038.32	21.261	0
4455	4.41	7043.49	21.262	0
4460	4.41	7045.94	21.262	0
4465	4.41	7051.65	21.264	0
4470	4.41	7059.8	21.265	0
4475	4.41	7066.25	21.266	0
4480	4.41	7068.55	21.264	0
4485	4.4	7072.05	21.263	0
4490	4.41	7077.97	21.263	0
4495	4.44	7085.28	21.262	0
4500	4.45	7087.76	21.261	0
4505	4.45	7090.63	21.259	0
4510	4.45	7097.24	21.259	0
4515	4.44	7101.81	21.256	0
4520	4.45	7108.12	21.255	0
4525	4.45	7111.18	21.253	0
4530	4.45	7113.23	21.252	0
4535	4.45	7119.48	21.251	0
4540	4.5	7124.94	21.249	0
4545	4.5	7129.47	21.247	0
4550	4.5	7130.67	21.247	0
4555	4.5	7134.4	21.245	0
4560	4.5	7140.54	21.242	0
4565	4.5	7145.92	21.242	0
4570	4.5	7148.6	21.24	0
4575	4.51	7150.11	21.238	0
4580	4.51	7156	21.237	0
4585	4.55	7163.38	21.235	0
4590	4.56	7168.51	21.235	0
4595	4.56	7169.15	21.234	0
4600	4.56	7173.05	21.232	0
4605	4.56	7179.61	21.231	0
4610	4.56	7184.36	21.231	0
4615	4.56	7188.62	21.229	0
4620	4.56	7190.87	21.226	0
4625	4.61	7196.55	21.226	0
4630	4.61	7202.33	21.225	0
4635	4.6	7207.54	21.224	0
4640	4.6	7209.07	21.223	0
4645	4.6	7211.25	21.222	0
4650	4.61	7216.72	21.221	0
4655	4.6	7223.52	21.22	0
4660	4.6	7227.27	21.219	0
4665	4.6	7228.83	21.217	0
4670	4.6	7234.3	21.217	0
4675	4.61	7239.23	21.216	0
4680	4.64	7245.39	21.215	0
4685	4.63	7247.33	21.214	0
4690	4.64	7249.43	21.214	0
4695	4.63	7255.67	21.211	0
4700	4.63	7260.72	21.211	0
4705	4.63	7266.52	21.21	0
4710	4.64	7266.43	21.208	0
4715	4.64	7270.73	21.208	0
4720	4.64	7278.3	21.207	0
4725	4.69	7282.58	21.205	0
4730	4.69	7285.51	21.205	0
4735	4.68	7288.69	21.205	0
4740	4.68	7292.26	21.205	0
4745	4.69	7299.24	21.203	0
4750	4.69	7304.97	21.202	0
4755	4.69	7306.14	21.201	0
4760	4.69	7309.93	21.2	0
4765	NaN	7316.91	21.2	0
4770	4.73	7321.25	21.199	0
4775	4.73	7325.28	21.2	0
4780	4.73	7325.47	21.197	0
4785	4.73	7332.26	21.196	0
4790	4.73	7337.78	21.196	0
4795	4.73	7343.22	21.195	0
4800	4.73	7345.72	21.196	0
4805	4.74	7347.49	21.195	0
4810	4.78	7353.43	21.194	0
4815	4.78	7359.2	21.194	0
4820	4.78	7363.78	21.193	0
4825	4.79	7364.68	21.192	0
4830	4.79	7370.79	21.193	0
4835	4.78	7377.01	21.191	0
4840	4.78	7379.67	21.19	0
4845	4.78	7380.97	21.19	0
4850	4.78	7386.07	21.19	0
4855	4.83	7392.74	21.189	0
4860	4.84	7397.39	21.187	0
4865	4.84	7398.9	21.189	0
4870	4.83	7402.06	21.187	0
4875	4.83	7407.83	21.189	0
4880	4.83	7413.69	21.186	0
4885	4.83	7417.62	21.186	0
4890	4.83	7419.71	21.186	0
4895	4.83	7422.47	21.185	0
4900	4.88	7429.41	21.184	0
4905	4.88	7434.34	21.184	0
4910	4.88	7437.56	21.184	0
4915	4.88	7439.95	21.183	0
4920	4.88	7445.29	21.182	0
4925	4.88	7451.71	21.182	0
4930	4.88	7454.18	21.182	0
4935	4.88	7456.93	21.181	0
4940	4.88	7459.28	21.179	0
4945	4.93	7466.1	21.18	0
4950	4.93	7472.31	21.179	0
4955	4.93	7475.1	21.179	0
4960	4.93	7477	21.178	0
4965	4.93	7481.18	21.178	0
4970	4.93	7488.14	21.177	0
4975	4.93	7492.84	21.177	0
4980	4.93	7493.76	21.176	0
4985	4.93	7495.98	21.176	0
4990	4.93	7502.47	21.174	0
4995	4.93	7508.53	21.175	0
5000	4.93	7512.3	21.173	0
5005	4.97	7513.27	21.172	0
5010	4.97	7517.5	21.173	0
5015	4.97	7524.18	21.172	0
5020	4.97	7528.52	21.171	0
5025	4.97	7530.54	21.17	0
5030	4.97	7532.71	21.17	0
5035	4.97	7539.15	21.17	0
5040	4.97	7545.63	21.169	0
5045	4.97	7548.41	21.168	0
5050	5.02	7549.79	21.167	0
5055	5.02	7553.36	21.167	0
5060	5.02	7561.18	21.168	0
5065	5.02	7565.43	21.166	0
5070	5.02	7567.63	21.165	0
5075	5.02	7569.65	21.165	0
5080	5.02	7575.52	21.164	0
5085	5.02	7581.96	21.164	0
5090	5.02	7586.27	21.162	0
5095	5.07	7587.05	21.162	1
5100	5.08	7590.03	21.162	0
5105	5.07	7597.75	21.161	0
5110	5.07	7602.13	21.162	0
5115	5.07	7603.94	21.161	0
5120	5.07	7606.5	21.16	0
5125	5.07	7611.86	21.16	0
5130	5.07	7619.51	21.159	0
5135	5.07	7622.33	21.159	0
5140	5.12	7623.84	21.159	0
5145	5.12	7626.11	21.159	0
5150	5.12	7632.08	21.158	0
5155	5.12	7638.72	21.156	0
5160	5.12	7642.04	21.155	0
5165	5.12	7643.47	21.155	0
5170	5.12	7646.84	21.155	0
5175	5.12	7653.99	21.153	0
5180	5.13	7658.39	21.153	0
5185	5.17	7659.98	21.152	0
5190	5.17	7661.75	21.152	0
5195	5.17	7670.07	21.151	0
5200	5.17	7675.34	21.152	0
5205	5.17	7678.23	21.152	0
5210	5.17	7678.76	21.15	0
5215	5.17	7683.55	21.149	0
5220	5.17	7690.18	21.149	0
5225	5.22	7694.65	21.148	0
5230	5.22	7697.1	21.149	0
5235	5.22	7699.02	21.148	0
5240	5.22	7705.39	21.147	0
5245	5.22	7711.35	21.147	0
5250	5.22	7715.37	21.147	0
5255	5.22	7714.44	21.145	0
5260	5.22	7718.08	21.144	0
5265	5.22	7726.65	21.144	0
5270	5.22	7730.86	21.144	0
5275	5.22	7733.7	21.143	0
5280	5.23	7735.65	21.145	0
5285	5.26	7740.25	21.145	0
5290	5.26	7747.66	21.146	0
5295	5.26	7749.38	21.145	0
5300	5.26	7751	21.144	0
5305	5.26	7754.39	21.144	0
5310	5.26	7761.67	21.142	0
5315	5.26	7767.01	21.142	0
5320	5.26	7769.23	21.142	0
5325	5.25	7770.25	21.143	0
5330	5.3	7776.19	21.143	0
5335	5.31	7782.87	21.142	0
5340	5.31	7786.43	21.141	0
5345	5.31	7786.55	21.14	0
5350	5.31	7789.85	21.141	0
5355	5.31	7796.66	21.144	0
5360	5.3	7802.47	21.148	0
5365	5.3	7805.62	21.154	0
5370	5.31	7807.24	21.162	0
5375	5.36	7813.06	21.17	0
5380	5.36	7820.51	21.177	0
5385	5.36	7823.66	21.185	0
5390	5.36	7827.15	21.189	0
5395	5.36	7830.33	21.192	0
5400	5.36	7836.29	21.195	0
5405	5.36	7843.47	21.196	0
5410	5.36	7845.42	21.197	0
5415	5.36	7846.24	21.198	0
5420	5.41	7850.22	21.199	0
5425	5.41	7855.69	21.199	0
5430	5.41	7860.97	21.198	0
5435	5.41	7860.57	21.202	0
5440	5.41	7861.4	21.205	0
5445	5.41	7867.41	21.205	0
5450	5.41	7875.49	21.207	0
5455	5.41	7876.77	21.208	0
5460	5.41	7877.73	21.209	0
5465	5.46	7881.26	21.212	0
5470	5.46	7889.19	21.214	0
5475	5.46	7894.04	21.215	0
5480	5.46	7896.45	21.217	0
5485	5.46	7898.81	21.219	0
5490	5.46	7903.61	21.222	0
5495	5.46	7911.71	21.224	0
5500	5.46	7913.71	21.224	0
5505	5.46	7916.55	21.227	0
5510	5.46	7918.61	21.228	0
5515	5.46	7926.43	21.231	0
5520	5.51	7932.72	21.231	0
5525	5.51	7935.64	21.232	0
5530	5.5	7936.47	21.234	0
5535	5.51	7942.45	21.236	0
5540	5.51	7949.31	21.24	0
5545	5.51	7952.85	21.24	0
5550	5.51	7955.19	21.242	0
5555	5.51	7958.05	21.244	0
5560	5.51	7965.38	21.246	0
5565	5.51	7970.08	21.248	0
5570	5.55	7974.4	21.251	0
5575	5.55	7975.63	21.253	0
5580	5.56	7979.7	21.255	0
5585	5.55	7987.13	21.256	0
5590	5.55	7991.97	21.258	0
5595	5.55	7993.95	21.26	0
5600	5.55	7996.23	21.262	0
5605	5.55	8003.47	21.264	0
5610	5.56	8009.37	21.266	0
5615	5.6	8011.89	21.267	0
5620	5.6	8014.54	21.27	0
5625	5.6	8018.61	21.274	0
5630	5.61	8026.05	21.276	0
5635	5.6	8029.86	21.276	0
5640	5.6	8032.38	21.279	0
5645	5.6	8035.8	21.281	0
5650	5.6	8041.7	21.283	0
5655	NaN	8048.02	21.285	0
5660	5.65	8051.49	21.286	0
5665	5.65	8053.37	21.29	0
5670	5.66	8055.74	21.286	0
5675	5.65	8064.12	21.289	0
5680	5.65	8070.06	21.291	0
5685	5.65	8072.13	21.293	0
5690	5.65	8073.03	21.295	0
5695	5.65	8079.02	21.296	0
5700	NaN	8086.62	21.298	0
5705	5.7	8089.5	21.301	0
5710	5.7	8092.37	21.302	0
5715	5.7	8093.64	21.304	0
5720	5.7	8101	21.304	0
5725	5.7	8108.09	21.308	0
5730	5.7	8109.89	21.31	0
5735	5.7	8111.45	21.311	0
5740	5.7	8116.65	21.316	0
5745	5.69	8124.76	21.318	0
5750	5.73	8128.42	21.319	0
5755	5.73	8128.75	21.321	0
5760	5.73	8132.04	21.323	0
5765	5.73	8138.63	21.324	0
5770	5.73	8145.68	21.327	0
5775	5.73	8149.79	21.326	0
5780	5.73	8149.99	21.329	0
5785	5.73	8152.3	21.33	0
5790	5.73	8160.98	21.333	0
5795	NaN	8165.8	21.334	0
5800	5.78	8167.31	21.335	0
5805	5.78	8170.43	21.338	0
5810	5.78	8176.36	21.34	0
5815	5.78	8183.18	21.34	0
5820	5.78	8186.38	21.342	0
5825	5.78	8187.12	21.343	0
5830	5.78	8191.72	21.345	0
5835	5.78	8199.13	21.347	0
5840	5.83	8203.37	21.348	0
5845	5.83	8205.22	21.35	0
5850	5.83	8206.38	21.351	0
5855	5.83	8212.95	21.353	0
5860	5.83	8221.11	21.354	0
5865	5.82	8223.71	21.357	0
5870	5.82	8225.05	21.356	0
5875	5.82	8228.75	21.359	0
5880	5.83	8235.87	21.36	0
5885	5.83	8241.2	21.36	0
5890	5.88	8243.91	21.364	0
5895	5.88	8245.53	21.363	0
5900	5.88	8250.52	21.365	0
5905	5.88	8257.05	21.367	0
5910	5.88	8261.78	21.368	0
5915	5.88	8262.79	21.37	0
5920	5.88	8264.92	21.372	0
5925	5.88	8271.41	21.374	0
5930	5.89	8278.04	21.373	0
5935	5.93	8281.86	21.376	0
5940	5.93	8282.62	21.376	0
5945	5.93	8286.02	21.378	0
5950	5.93	8293.58	21.378	0
5955	5.93	8298.6	21.379	0
5960	5.93	8299.88	21.378	0
5965	5.94	8302.46	21.381	0
5970	5.94	8308.56	21.383	0
5975	5.93	8315.9	21.382	0
5980	5.94	8318.67	21.384	0
5985	5.95	8319.63	21.385	0
5990	5.97	8322.02	21.386	0
5995	5.97	8330.49	21.387	0
6000	5.98	8335.22	21.388	0
6005	5.98	8335.62	21.389	0
6010	5.98	8339.66	21.393	0
6015	5.98	8343.87	21.393	0
6020	5.98	8352.47	21.394	0
6025	5.98	8353.75	21.395	0
6030	5.98	8356.34	21.397	0
6035	6.02	8359.47	21.399	0
6040	6.03	8366.26	21.397	0
6045	6.03	8370.95	21.397	0
6050	6.02	8374.05	21.398	0
6055	6.02	8375.38	21.4	0
6060	6.03	8380.7	21.401	0
6065	6.02	8386.28	21.402	0
6070	6.03	8391.13	21.406	0
6075	6.03	8391.62	21.407	0
6080	6.07	8394.24	21.408	1
6085	6.13	8401.37	21.409	0
6090	6.13	8407.67	21.409	0
6095	6.13	8409.27	21.409	0
6100	6.13	8411.72	21.411	0
6105	6.13	8415.13	21.41	0
6110	6.13	8423.26	21.412	0
6115	6.13	8425.77	21.412	0
6120	6.13	8427.07	21.412	0
6125	6.18	8429.79	21.414	0
6130	6.18	8436.56	21.414	0
6135	6.18	8443.83	21.415	0
6140	6.18	8445.2	21.416	0
6145	6.17	8445.61	21.416	0
6150	6.17	8449.3	21.418	0
6155	6.17	8456.9	21.418	0
6160	6.17	8461.78	21.42	0
6165	6.17	8463.54	21.421	0
6170	6.22	8464.32	21.421	0
6175	6.22	8472.61	21.421	0
6180	6.22	8478.42	21.423	0
6185	6.22	8479.6	21.424	0
6190	6.22	8481.97	21.426	0
6195	6.21	8485.99	21.429	0
6200	6.22	8491.05	21.428	0
6205	6.22	8496.8	21.429	0
6210	6.22	8498.02	21.432	0
6215	6.22	8500.84	21.433	0
6220	6.22	8506.49	21.432	0
6225	6.26	8513.26	21.433	0
6230	6.26	8516.8	21.434	0
6235	6.26	8516.68	21.435	0
6240	6.26	8519.46	21.436	0
6245	6.27	8526.61	21.437	0
6250	6.27	8532.29	21.437	0
6255	6.26	8534.54	21.439	0
6260	6.26	8534.79	21.439	0
6265	6.27	8540.75	21.44	0
6270	6.27	8547	21.441	0
6275	6.31	8549.24	21.441	0
6280	6.31	8551.1	21.44	0
6285	6.31	8553.33	21.439	0
6290	6.31	8559.69	21.442	0
6295	6.31	8566.57	21.441	0
6300	6.31	8567.7	21.441	0
6305	6.31	8569.39	21.442	0
6310	6.31	8574.6	21.442	0
6315	6.32	8580.41	21.442	0
6320	6.36	8583.94	21.443	0
6325	6.36	8584.8	21.443	0
6330	6.36	8586.32	21.444	0
6335	6.36	8592.62	21.445	0
6340	6.36	8599.28	21.445	0
6345	6.36	8600.94	21.447	0
6350	6.36	8602.25	21.446	0
6355	6.36	8605.43	21.447	0
6360	6.37	8612.81	21.448	0
6365	6.41	8618.17	21.449	0
6370	6.41	8619.42	21.449	0
6375	6.41	8619.78	21.45	0
6380	6.41	8625.67	21.45	0
6385	6.41	8633.37	21.451	0
6390	6.41	8634.67	21.451	0
6395	6.4	8637.2	21.451	0
6400	6.4	8639.82	21.453	0
6405	6.41	8646.43	21.453	0
6410	6.45	8650.11	21.452	0
6415	6.46	8651.41	21.452	0
6420	6.46	8653.56	21.453	0
6425	6.45	8657.04	21.455	0
6430	6.45	8665.05	21.455	0
6435	6.46	8667.69	21.455	0
6440	6.46	8667.69	21.457	0
6445	6.46	8670.18	21.458	0
6450	6.46	8676.53	21.456	0
6455	6.48	8682.44	21.457	0
6460	6.48	8684.2	21.459	0
6465	6.48	8685.16	21.46	0
6470	6.48	8688.97	21.459	0
6475	6.48	8696.61	21.46	0
6480	6.49	8700.24	21.461	0
6485	6.49	8702.13	21.46	0
6490	6.49	8703.16	21.462	0
6495	6.53	8708.77	21.461	0
6500	6.53	8716.64	21.461	0
6505	6.53	8718.76	21.463	0
6510	6.53	8719.35	21.462	0
6515	6.53	8721.9	21.462	0
6520	6.53	8729.59	21.462	0
6525	6.53	8731.89	21.462	0
6530	6.53	8732.64	21.462	0
6535	6.53	8735.5	21.463	0
6540	NaN	8740.95	21.463	0
6545	6.58	8747.37	21.463	0
6550	6.58	8749.59	21.464	0
6555	6.58	8749.55	21.464	0
6560	6.59	8752.98	21.464	0
6565	6.59	8759.62	21.464	0
6570	6.59	8764.61	21.464	0
6575	6.58	8763.64	21.466	0
6580	6.58	8767.47	21.465	0
6585	6.59	8771.41	21.466	0
6590	6.62	8778.96	21.466	0
6595	6.63	8780.7	21.465	0
6600	6.63	8781.43	21.465	0
6605	6.63	8783.99	21.466	0
6610	6.64	8789.37	21.467	0
6615	6.64	8794.96	21.466	0
6620	6.63	8796.3	21.467	0
6625	6.64	8798.26	21.466	0
6630	6.64	8801.39	21.467	0
6635	6.68	8808.87	21.467	0
6640	6.69	8810.78	21.466	0
6645	6.68	8813.27	21.466	0
6650	6.68	8814.63	21.465	0
6655	6.68	8821.03	21.466	0
6660	6.68	8827.45	21.466	0
6665	6.68	8827.41	21.465	0
6670	6.68	8828.44	21.465	0
6675	6.69	8832.34	21.465	0
6680	6.71	8839.41	21.464	0
6685	6.72	8841.8	21.466	0
6690	6.72	8844.03	21.466	0
6695	6.72	8844.44	21.467	0
6700	6.72	8851.69	21.465	0
6705	6.72	8858.22	21.466	0
6710	6.72	8860.07	21.466	0
6715	6.72	8859.07	21.466	0
6720	6.72	8862.91	21.466	0
6725	6.77	8871.42	21.465	0
6730	6.77	8873.88	21.466	0
6735	6.77	8874.43	21.467	0
6740	6.77	8876.99	21.469	0
6745	6.77	8882.15	21.466	0
6750	6.77	8888.38	21.466	0
6755	6.76	8890.38	21.468	0
6760	6.76	8890.64	21.467	0
6765	6.76	8891.81	21.468	0
6770	6.81	8900.3	21.468	0
6775	6.81	8905.61	21.466	0
6780	6.81	8902.94	21.468	0
6785	6.81	8907.25	21.467	0
6790	6.81	8914.89	21.467	0
6795	6.82	8919.73	21.468	0
6800	6.81	8920.14	21.467	0
6805	6.81	8920.4	21.466	0
6810	6.82	8926.22	21.466	0
6815	6.87	8931.73	21.466	0
6820	6.86	8934.38	21.466	0
6825	6.86	8934.53	21.466	0
6830	6.87	8938.4	21.466	0
6835	6.87	8942.36	21.466	0
6840	6.87	8951.46	21.466	0
6845	6.87	8948.29	21.465	0
6850	6.87	8950.5	21.467	0
6855	6.86	8955.57	21.466	0
6860	6.92	8961.78	21.466	0
6865	6.92	8965.6	21.466	0
6870	6.92	8964.15	21.464	0
6875	6.91	8967.87	21.463	0
6880	6.91	8974.11	21.463	0
6885	6.91	8978.34	21.463	0
6890	6.91	8979.12	21.462	0
6895	6.91	8979.71	21.461	0
6900	6.91	8985.14	21.461	0
6905	6.9	8991.68	21.461	0
6910	6.96	8996.25	21.462	0
6915	6.96	8996.36	21.461	0
6920	6.96	8997.4	21.46	0
6925	6.96	8999.03	21.461	0
6930	6.96	9006.19	21.46	0
6935	6.96	9010.29	21.459	0
6940	6.95	9011.1	21.46	0
6945	6.95	9012.17	21.459	0
6950	6.95	9017.59	21.458	0
6955	6.96	9023.79	21.459	0
6960	6.96	9026.13	21.458	0
6965	6.95	9026.34	21.458	0
6970	7	9028.21	21.458	0
6975	7	9035.22	21.458	0
6980	7	9039.18	21.457	0
6985	7	9040.53	21.457	0
6990	7	9043.44	21.457	0
6995	7	9048.5	21.456	0
7000	7	9053.78	21.455	0
7005	7	9054.09	21.456	0
7010	7.01	9055.06	21.455	0
7015	7.05	9059.75	21.455	0
7020	7.05	9065.24	21.454	0
7025	7.05	9068.24	21.454	0
7030	7.06	9068.12	21.454	0
7035	7.05	9071.87	21.455	0
7040	7.05	9078.19	21.453	0
7045	7.05	9081.17	21.454	0
7050	7.05	9082.53	21.453	0
7055	7.05	9082.79	21.452	0
7060	7.05	9088.34	21.451	0
7065	7.05	9093.29	21.452	0
7070	7.1	9097.48	21.452	1
7075	7.12	9098.14	21.45	0
7080	7.12	9098.9	21.451	0
7085	7.12	9104.25	21.451	0
7090	7.12	9109.95	21.45	0
7095	7.12	9112.6	21.449	0
7100	7.12	9111.32	21.45	0
7105	7.12	9115.07	21.448	0
7110	7.12	9122.12	21.448	0
7115	7.12	9125.51	21.447	0
7120	7.17	9125.99	21.448	0
7125	7.17	9127.5	21.447	0
7130	7.16	9132.78	21.448	0
7135	7.17	9138.48	21.448	0
7140	7.17	9140.59	21.45	0
7145	7.17	9139.14	21.449	0
7150	7.17	9144.28	21.448	0
7155	7.16	9148.98	21.446	0
7160	7.17	9154.39	21.448	0
7165	7.21	9156.1	21.447	0
7170	7.21	9155.61	21.448	0
7175	7.21	9160.08	21.447	0
7180	7.21	9166.04	21.447	0
7185	7.21	9168.61	21.447	0
7190	7.21	9167.86	21.446	0
7195	7.22	9173.63	21.447	0
7200	7.22	9177.73	21.447	0
7205	7.22	9183.25	21.445	0
7210	7.22	9184.01	21.444	0
7215	7.22	9183.12	21.444	0
7220	7.26	9186.63	21.445	0
7225	7.26	9194.23	21.442	0
7230	7.26	9197.7	21.443	0
7235	7.27	9197.87	21.441	0
7240	7.26	9200.06	21.439	0
7245	7.26	9205.42	21.44	0
7250	7.26	9210.58	21.439	0
7255	7.27	9211.18	21.439	0
7260	7.26	9211.51	21.438	0
7265	NaN	9216.46	21.437	0
7270	7.32	9222.15	21.438	0
7275	7.32	9226.88	21.436	0
7280	7.31	9226.33	21.438	0
7285	7.31	9227.66	21.436	0
7290	7.31	9233.65	21.435	0
7295	7.32	9239.89	21.435	0
7300	7.32	9241.22	21.435	0
7305	7.32	9240.4	21.435	0
7310	7.31	9243.57	21.434	0
7315	7.36	9249.33	21.435	0
7320	7.36	9255.04	21.433	0
7325	7.37	9253.89	21.433	0
7330	7.36	9255.95	21.433	0
7335	7.36	9260.63	21.432	0
7340	7.37	9267.28	21.432	0
7345	7.36	9269.31	21.432	0
7350	7.36	9269	21.43	0
7355	7.36	9272.45	21.431	0
7360	7.42	9278.47	21.431	0
7365	7.42	9283.32	21.431	0
7370	7.42	9283.63	21.43	0
7375	7.42	9284.17	21.429	0
7380	7.41	9288.31	21.428	0
7385	7.42	9294.44	21.427	0
7390	7.41	9299.02	21.428	0
7395	7.41	9298.18	21.428	0
7400	7.41	9299.67	21.427	0
7405	7.41	9305.81	21.427	0
7410	7.41	9310.28	21.426	0
7415	7.45	9312.23	21.426	0
7420	7.44	9311.2	21.427	0
7425	7.45	9315.85	21.425	0
7430	7.45	9321.79	21.425	0
7435	7.45	9326.49	21.424	0
7440	7.45	9325.39	21.425	0
7445	7.45	9326.66	21.424	0
7450	7.45	9332.05	21.423	0
7455	7.45	9335.95	21.423	0
7460	7.45	9338.98	21.422	0
7465	7.5	9339.69	21.421	0
7470	7.49	9342.23	21.422	0
7475	7.5	9348.42	21.422	0
7480	7.5	9353.44	21.424	0
7485	7.5	9351.77	21.422	0
7490	7.49	9353.86	21.423	0
7495	7.49	9358.19	21.422	0
7500	7.5	9362.99	21.421	0
7505	7.5	9365.68	21.421	0
7510	7.55	9367.14	21.421	0
7515	7.55	9370.2	21.42	0
7520	7.55	9374.16	21.417	0
7525	7.55	9379.94	21.415	0
7530	7.55	9379.32	21.417	0
7535	7.55	9379.79	21.415	0
7540	7.55	9384.88	21.415	0
7545	7.55	9389.22	21.413	0
7550	7.55	9393.5	21.414	0
7555	NaN	9392.95	21.413	0
7560	7.6	9394.3	21.416	0
7565	7.6	9400.93	21.414	0
7570	7.6	9405.42	21.415	0
7575	7.6	9406.41	21.414	0
7580	7.59	9404.66	21.414	0
7585	7.59	9409.53	21.414	0
7590	7.6	9415.57	21.413	0
7595	7.6	9420.35	21.413	0
7600	7.6	9419.91	21.412	0
7605	7.65	9420.5	21.411	0
7610	7.65	9427.16	21.411	0
7615	7.65	9431.85	21.41	0
7620	7.65	9432.36	21.41	0
7625	7.65	9432.4	21.41	0
7630	7.65	9436.27	21.408	0
7635	7.65	9441.72	21.408	0
7640	7.65	9446.83	21.408	0
7645	7.65	9445.36	21.408	0
7650	7.67	9446.77	21.407	0
7655	7.68	9453.04	21.409	0
7660	7.67	9457.83	21.408	0
7665	7.68	9460.66	21.408	0
7670	7.68	9459.37	21.408	0
7675	7.68	9461.7	21.407	0
7680	7.68	9469.64	21.406	0
7685	7.68	9472.88	21.405	0
7690	7.68	9473.62	21.402	0
7695	7.72	9473.42	21.401	0
7700	7.73	9478.76	21.4	0
7705	7.73	9482.61	21.4	0
7710	7.73	9486.78	21.4	0
7715	7.73	9485.96	21.4	0
7720	7.73	9488.99	21.399	0
7725	7.73	9494.81	21.398	0
7730	7.73	9498.66	21.397	0
7735	7.73	9499.3	21.396	0
7740	7.73	9499.5	21.396	0
7745	7.78	9503.77	21.396	0
7750	7.78	9510.37	21.394	0
7755	7.78	9514.05	21.396	0
7760	7.78	9512.1	21.395	0
7765	7.78	9514.68	21.396	0
7770	7.78	9520.93	21.394	0
7775	7.78	9524.6	21.393	0
7780	7.78	9526.31	21.394	0
7785	7.78	9523.98	21.392	0
7790	7.83	9530.14	21.392	0
7795	7.83	9535.67	21.391	0
7800	7.83	9540.12	21.392	0
7805	7.83	9539.43	21.392	0
7810	7.83	9542.13	21.39	0
7815	7.83	9545.15	21.391	0
7820	7.83	9552.63	21.391	0
7825	7.83	9552.56	21.39	0
7830	7.83	9551.75	21.389	0
7835	7.83	9556.24	21.389	0
7840	7.88	9561.96	21.389	0
7845	7.88	9566.56	21.388	0
7850	7.88	9567.33	21.388	0
7855	7.88	9565.9	21.388	0
7860	7.87	9573.08	21.386	0
7865	7.87	9578.45	21.387	0
7870	7.87	9580.6	21.387	0
7875	7.88	9579.21	21.386	0
7880	7.88	9583.2	21.386	0
7885	7.88	9589.42	21.386	0
7890	7.9	9592.16	21.385	0
7895	7.9	9593.44	21.384	0
7900	7.9	9593.44	21.384	0
7905	7.9	9598.09	21.385	0
7910	7.9	9604.35	21.384	0
7915	7.91	9606.06	21.382	0
7920	7.91	9606.71	21.383	0
7925	7.9	9607.84	21.381	0
7930	7.9	9614.95	21.381	0
7935	7.96	9618.92	21.381	0
7940	7.96	9619.35	21.38	0
7945	7.96	9620.45	21.381	0
7950	7.95	9622.58	21.379	0
7955	7.96	9629.28	21.379	0
7960	7.96	9633.82	21.377	0
7965	7.96	9633.07	21.378	0
7970	7.96	9635.19	21.378	0
7975	7.96	9639.74	21.377	0
7980	7.96	9645.54	21.378	0
7985	8.01	9647.02	21.376	0
7990	8.01	9645.02	21.376	0
7995	8.01	9649.04	21.374	0
8000	8.01	9656.05	21.375	0
8005	8	9660.59	21.374	0
8010	8	9659.15	21.375	0
8015	8	9659.65	21.374	0
8020	8.01	9666.62	21.373	0
8025	8	9672.46	21.373	0
8030	8.05	9673	21.373	0
8035	8.05	9671.55	21.374	0
8040	8.05	9676.46	21.372	0
8045	8.06	9681.46	21.372	0
8050	8.06	9685.97	21.371	0
8055	8.06	9685.2	21.37	0
8060	8.06	9686.33	21.371	0
8065	8.06	9690.8	21.371	0
8070	8.06	9696.51	21.369	0
8075	8.06	9699.19	21.369	0
8080	8.1	9697.56	21.37	1
8085	8.06	9701.1	21.369	0
8090	8.06	9707.25	21.368	0
8095	8.06	9712.49	21.368	0
8100	8.06	9712.9	21.368	0
8105	8.06	9712.45	21.366	0
8110	8.06	9717.07	21.367	0
8115	8.06	9722.73	21.366	0
8120	8.06	9726.82	21.367	0
8125	8.07	9725.66	21.366	0
8130	8.09	9727.54	21.366	0
8135	8.1	9733.63	21.366	0
8140	8.09	9738.59	21.365	0
8145	8.09	9738.93	21.366	0
8150	8.09	9739.08	21.367	0
8155	8.09	9743.76	21.367	0
8160	8.09	9748.88	21.367	0
8165	8.09	9753.21	21.368	0
8170	8.09	9751.84	21.368	0
8175	8.14	9753.2	21.368	0
8180	8.15	9760.12	21.368	0
8185	8.15	9763.48	21.367	0
8190	8.14	9767.38	21.368	0
8195	8.14	9765.91	21.37	0
8200	8.14	9769.49	21.367	0
8205	8.14	9775.44	21.369	0
8210	8.14	9780.32	21.37	0
8215	8.14	9780	21.369	0
8220	8.15	9778.81	21.371	0
8225	8.19	9784.86	21.37	0
8230	8.19	9791.5	21.371	0
8235	8.2	9793.65	21.371	0
8240	8.2	9791.62	21.37	0
8245	8.2	9796.08	21.369	0
8250	8.2	9800.29	21.368	0
8255	8.19	9804.4	21.37	0
8260	8.19	9805.4	21.37	0
8265	8.2	9806.27	21.37	0
8270	8.24	9811.66	21.37	0
8275	8.24	9816.59	21.369	0
8280	8.24	9819.35	21.369	0
8285	8.24	9818.56	21.368	0
8290	8.24	9820.6	21.368	0
8295	8.24	9830.14	21.368	0
8300	8.24	9831.5	21.368	0
8305	8.24	9834.64	21.367	0
8310	8.24	9831.5	21.367	0
8315	8.25	9836.73	21.366	0
8320	8.25	9843.45	21.365	0
8325	8.28	9848.12	21.364	0
8330	8.28	9843.42	21.364	0
8335	8.28	9847.36	21.363	0
8340	8.28	9853.78	21.363	0
8345	8.28	9857.17	21.362	0
8350	8.29	9858.61	21.363	0
8355	8.29	9859.29	21.361	0
8360	8.29	9861.19	21.361	0
8365	8.28	9866.84	21.36	0
8370	8.29	9872.12	21.361	0
8375	8.34	9872.55	21.361	0
8380	8.34	9870.88	21.362	0
8385	8.34	9875.18	21.36	0
8390	8.33	9883.05	21.359	0
8395	8.33	9887.46	21.359	0
8400	8.34	9884.11	21.358	0
8405	8.34	9886.59	21.358	0
8410	8.33	9891.5	21.359	0
8415	8.33	9895.73	21.358	0
8420	8.38	9895.51	21.358	0
8425	8.38	9895.91	21.357	0
8430	8.38	9900.63	21.356	0
8435	8.37	9908.39	21.356	0
8440	8.38	9911.62	21.356	0
8445	8.38	9909.06	21.356	0
8450	8.38	9910.91	21.355	0
8455	8.38	9917.1	21.355	0
8460	8.38	9923.34	21.355	0
8465	8.38	9921.06	21.355	0
8470	8.43	9921.84	21.354	0
8475	8.43	9926.53	21.354	0
8480	8.43	9931.51	21.353	0
8485	8.43	9935.27	21.353	0
8490	8.43	9933.42	21.352	0
8495	8.43	9936.06	21.351	0
8500	8.43	9941.47	21.35	0
8505	8.43	9946.59	21.35	0
8510	8.43	9948	21.35	0
8515	8.44	9946.03	21.349	0
8520	8.49	9950.78	21.349	0
8525	8.49	9956.95	21.349	0
8530	8.48	9961.67	21.348	0
8535	8.49	9959.04	21.348	0
8540	8.49	9960.52	21.348	0
8545	8.48	9966.03	21.348	0
8550	8.48	9971.62	21.346	0
8555	8.48	9971.31	21.346	0
8560	8.48	9971.14	21.347	0
8565	8.49	9975.74	21.347	0
8570	8.51	9980.88	21.346	0
8575	8.52	9985.69	21.345	0
8580	8.52	9984.49	21.345	0
8585	8.52	9985.19	21.344	0
8590	8.52	9989.6	21.344	0
8595	8.52	9994.65	21.344	0
8600	8.52	9997.88	21.344	0
8605	8.52	9996.43	21.343	0
8610	8.52	9998.89	21.343	0
8615	8.56	10004.31	21.341	0
8620	8.56	10010.58	21.342	0
8625	8.56	10008.76	21.342	0
8630	8.57	10008.33	21.341	0
8635	8.56	10016.53	21.341	0
8640	8.57	10020.98	21.34	0
8645	8.57	10022.68	21.341	0
8650	8.56	10021.27	21.341	0
8655	8.57	10022.31	21.34	0
8660	8.57	10030.44	21.338	0
8665	8.62	10035.13	21.34	0
8670	8.61	10035.37	21.34	0
8675	8.62	10034.29	21.339	0
8680	8.62	10037.78	21.338	0
8685	8.62	10043.16	21.339	0
8690	8.62	10047.58	21.338	0
8695	8.62	10046.78	21.337	0
8700	8.62	10047.64	21.337	0
8705	8.62	10054.03	21.336	0
8710	8.62	10057.32	21.337	0
8715	8.66	10059.77	21.336	0
8720	8.67	10058.58	21.336	0
8725	8.67	10062.1	21.337	0
8730	8.67	10067.21	21.337	0
8735	8.67	10073.52	21.336	0
8740	8.67	10071.66	21.336	0
8745	8.67	10072.23	21.336	0
8750	8.67	10076.98	21.335	0
8755	8.67	10083.14	21.336	0
8760	NaN	10083.77	21.336	0
8765	8.72	10083.14	21.334	0
8770	8.72	10085.59	21.335	0
8775	8.72	10092.33	21.334	0
8780	8.72	10097.15	21.33	0
8785	8.72	10097.28	21.331	0
8790	8.72	10095.63	21.328	0
8795	8.72	10099.41	21.329	0
8800	8.72	10106.93	21.329	0
8805	8.72	10107.35	21.329	0
8810	8.72	10105.97	21.328	0
8815	8.72	10112.67	21.328	0
8820	8.72	10114.52	21.328	0
8825	8.77	10120.92	21.327	0
8830	8.77	10121.73	21.325	0
8835	8.77	10118.88	21.324	0
8840	8.77	10122.47	21.322	0
8845	8.77	10130.75	21.319	0
8850	8.77	10131.56	21.317	0
8855	8.77	10128.95	21.314	0
8860	8.77	10133.71	21.311	0
8865	8.77	10137.46	21.31	0
8870	8.77	10142.8	21.307	0
8875	8.81	10143.52	21.303	0
8880	8.81	10139.43	21.3	0
8885	8.82	10146.45	21.297	0
8890	8.81	10150.95	21.295	0
8895	8.81	10153.1	21.292	0
8900	8.82	10153.06	21.288	0
8905	8.82	10152	21.285	0
8910	8.82	10158.53	21.283	0
8915	8.81	10161.5	21.28	0
8920	8.81	10162.65	21.276	0
8925	8.86	10160.76	21.272	0
8930	8.87	10165.91	21.27	0
8935	8.87	10170.67	21.266	0
8940	8.87	10175.14	21.262	0
8945	8.87	10172.47	21.259	0
8950	8.87	10172.77	21.256	0
8955	8.86	10177.9	21.257	0
8960	8.87	10182.88	21.252	0
8965	8.87	10183.84	21.246	0
8970	8.88	10182.59	21.244	0
8975	8.92	10183.69	21.242	0
8980	8.92	10190.5	21.24	0
8985	8.92	10192.27	21.236	0
8990	8.91	10194.78	21.234	0
8995	8.89	10191.8	21.23	0
9000	8.92	10197.47	21.227	0
9005	8.91	10202.93	21.226	0
9010	8.92	10204.43	21.222	0
9015	8.92	10201.76	21.221	0
9020	8.97	10206.07	21.216	0
9025	8.98	10207.92	21.214	0
9030	8.97	10212.41	21.212	0
9035	8.97	10212.08	21.209	0
9040	8.97	10210.47	21.208	0
9045	8.97	10215.54	21.205	0
9050	8.97	10221.19	21.202	0
9055	8.97	10223.15	21.201	0
9060	8.96	10221.51	21.198	0
9065	8.96	10222.62	21.196	0
9070	8.96	10229.43	21.195	0
9075	8.97	10232.31	21.191	0
9080	8.96	10233.02	21.187	0
9085	9.01	10231.74	21.185	0
9090	9.01	10235.76	21.182	0
9095	9.01	10239.98	21.179	0
9100	9.01	10244.97	21.177	0
9105	9.01	10242.27	21.176	0
9110	9.01	10243.07	21.176	0
9115	9.01	10246.58	21.172	0
9120	9.01	10252.66	21.171	0
9125	9.01	10253.68	21.169	0
9130	9	10251.94	21.168	0
9135	9.05	10254.05	21.166	0
9140	9.05	10260.11	21.164	0
9145	9.05	10264.27	21.163	0
9150	9.05	10264.18	21.162	0
9155	9.05	10264.38	21.16	0
9160	9.05	10268.59	21.159	0
9165	9.05	10274.07	21.158	0
9170	9.05	10276.47	21.156	0
9175	9.05	10272.24	21.153	0
9180	9.05	10276.38	21.152	0
9185	9.1	10281.31	21.15	1
9190	9.13	10285.17	21.149	0
9195	9.13	10285.04	21.146	0
9200	9.12	10283.24	21.144	0
9205	9.12	10288.45	21.141	0
9210	9.12	10294.62	21.141	0
9215	9.12	10297.75	21.139	0
9220	9.13	10294.55	21.137	0
9225	9.13	10296.73	21.134	0
9230	9.18	10300.94	21.133	0
9235	9.18	10306.81	21.132	0
9240	9.18	10307.24	21.129	0
9245	9.18	10304.83	21.128	0
9250	9.18	10309.55	21.128	0
9255	9.18	10313.78	21.125	0
9260	9.18	10318.94	21.123	0
9265	9.18	10316.36	21.122	0
9270	9.18	10317.02	21.122	0
9275	9.18	10321.64	21.119	0
9280	9.18	10327.18	21.118	0
9285	9.18	10329.61	21.116	0
9290	9.23	10326.29	21.115	0
9295	9.23	10330.4	21.116	0
9300	9.23	10335.48	21.116	0
9305	9.23	10340.91	21.112	0
9310	9.23	10338.62	21.111	0
9315	9.23	10337.57	21.109	0
9320	9.23	10341.13	21.108	0
9325	9.23	10349.58	21.105	0
9330	9.23	10348.48	21.104	0
9335	9.23	10349.29	21.101	0
9340	9.23	10349.67	21.099	0
9345	9.27	10357.74	21.099	0
9350	9.27	10358.81	21.097	0
9355	9.27	10357.57	21.097	0
9360	9.27	10357.77	21.093	0
9365	9.27	10363.26	21.092	0
9370	9.27	10368.33	21.09	0
9375	9.27	10367.31	21.087	0
9380	9.27	10368.11	21.087	0
9385	9.27	10372.72	21.085	0
9390	9.31	10379.99	21.084	0
9395	9.32	10381.12	21.083	0
9400	9.32	10378.25	21.081	0
9405	9.32	10379.5	21.078	0
9410	9.32	10385.92	21.079	0
9415	9.32	10390.52	21.076	0
9420	9.32	10390.75	21.076	0
9425	9.32	10388.87	21.072	0
9430	9.31	10393.56	21.074	0
9435	9.32	10399.1	21.077	0
9440	9.36	10400.58	21.077	0
9445	9.37	10399.32	21.077	0
9450	9.37	10400.91	21.078	0
9455	9.37	10407.73	21.078	0
9460	9.37	10412.53	21.076	0
9465	9.37	10411.21	21.076	0
9470	9.37	10411.21	21.075	0
9475	9.37	10414.94	21.072	0
9480	9.36	10420.15	21.072	0
9485	9.41	10422.71	21.071	0
9490	9.41	10422.39	21.069	0
9495	9.41	10422.07	21.067	0
9500	9.42	10426.62	21.064	0
9505	9.42	10433.85	21.063	0
9510	9.42	10432.51	21.061	0
9515	9.42	10430.65	21.061	0
9520	9.42	10434.74	21.058	0
9525	9.41	10439.75	21.058	0
9530	9.42	10443.38	21.055	0
9535	9.42	10441.5	21.053	0
9540	9.41	10442.52	21.051	0
9545	9.41	10446.62	21.051	0
9550	9.42	10452.65	21.049	0
9555	9.46	10453.03	21.048	0
9560	9.46	10451.3	21.048	0
9565	9.46	10453.72	21.045	0
9570	9.46	10460.15	21.044	0
9575	9.46	10463.37	21.043	0
9580	9.46	10462.43	21.042	0
9585	9.46	10463.14	21.041	0
9590	9.46	10466.85	21.039	0
9595	9.46	10474.21	21.038	0
9600	9.51	10473.8	21.037	0
9605	9.51	10472.62	21.036	0
9610	9.5	10472.56	21.035	0
9615	9.5	10479.2	21.034	0
9620	9.5	10484.23	21.033	0
9625	9.5	10483.97	21.03	0
9630	9.51	10483.84	21.031	0
9635	9.5	10488	21.029	0
9640	9.5	10493.48	21.029	0
9645	9.51	10495.5	21.027	0
9650	9.56	10493.38	21.027	0
9655	9.56	10495.74	21.026	0
9660	9.56	10499.69	21.024	0
9665	9.56	10506.09	21.023	0
9670	9.56	10506.28	21.023	0
9675	9.56	10504.83	21.022	0
9680	9.55	10507.77	21.02	0
9685	9.55	10514.91	21.02	0
9690	9.56	10517.48	21.018	0
9695	9.55	10514.97	21.017	0
9700	9.6	10514.09	21.017	0
9705	9.6	10521.05	21.016	0
9710	9.6	10527.84	21.014	0
9715	9.61	10527.31	21.014	0
9720	9.61	10527.02	21.013	0
9725	9.6	10528.04	21.013	0
9730	9.61	10534.08	21.012	0
9735	9.6	10537.85	21.01	0
9740	9.6	10536.96	21.008	0
9745	9.65	10537.03	21.007	0
9750	9.65	10541.06	21.007	0
9755	9.66	10548.01	21.006	0
9760	9.66	10549.24	21.006	0
9765	9.65	10547.83	21.004	0
9770	9.65	10548.29	21.002	0
9775	9.65	10555.56	21.002	0
9780	9.65	10560.27	21.002	0
9785	9.65	10558.81	21	0
9790	9.65	10559.76	20.999	0
9795	9.65	10561.83	20.998	0
9800	9.69	10569.19	20.997	0
9805	9.69	10569.69	20.997	0
9810	9.69	10568.76	20.995	0
9815	9.69	10570.88	20.995	0
9820	9.69	10575.74	20.994	0
9825	9.69	10581.08	20.993	0
9830	9.69	10580.14	20.994	0
9835	9.68	10580.29	20.993	0
9840	9.68	10581.24	20.991	0
9845	9.68	10588.42	20.992	0
9850	9.73	10591.46	20.99	0
9855	9.74	10590.32	20.99	0
9860	9.74	10590.44	20.99	0
9865	9.74	10595.15	20.988	0
9870	9.74	10601.69	20.988	0
9875	9.73	10600.91	20.988	0
9880	9.73	10598.76	20.987	0
9885	9.74	10601.06	20.985	0
9890	9.74	10607.03	20.985	0
9895	9.78	10610.74	20.985	0
9900	9.78	10609.59	20.984	0
9905	9.78	10609.07	20.983	0
9910	9.78	10614.78	20.983	0
9915	9.79	10620.69	20.983	0
9920	9.79	10619.68	20.982	0
9925	9.78	10619.13	20.981	0
9930	9.79	10620.56	20.979	0
9935	9.79	10625.26	20.98	0
9940	9.79	10630.34	20.979	0
9945	9.84	10631.07	20.979	0
9950	9.84	10628.6	20.978	0
9955	9.84	10634.38	20.977	0
9960	9.84	10640.79	20.977	0
9965	9.84	10640.69	20.976	0
9970	9.83	10639.11	20.977	0
9975	9.83	10637.55	20.976	0
9980	9.84	10643.64	20.978	0
9985	9.83	10648.67	20.975	0
9990	9.88	10648.86	20.976	0
9995	9.88	10649.27	20.976	0
10000	9.88	10652.32	20.975	0
10005	9.88	10659.62	20.974	0
10010	9.87	10660.33	20.975	0
10015	9.88	10657.79	20.973	0
10020	9.88	10656.86	20.973	0
10025	9.88	10664.88	20.973	0
10030	9.86	10667.53	20.973	0
10035	9.86	10669.46	20.972	0
10040	9.93	10667.29	20.973	0
10045	9.93	10669.5	20.973	0
10050	9.93	10675.38	20.971	0
10055	9.94	10679.79	20.972	0
10060	9.92	10677.82	20.972	0
10065	9.92	10677.17	20.971	0
10070	9.92	10683.73	20.971	0
10075	9.92	10688.97	20.969	0
10080	9.92	10688.67	20.969	0
10085	9.93	10687.23	20.969	0
10090	9.93	10689.85	20.969	0
10095	9.92	10696.36	20.969	0
10100	9.92	10700.24	20.969	0
10105	9.93	10699	20.969	0
10110	9.94	10698.95	20.967	0
10115	9.97	10702.78	20.967	0
10120	9.96	10708.74	20.968	0
10125	9.96	10709.47	20.968	0
10130	9.96	10708.16	20.968	0
10135	9.96	10710.04	20.967	0
10140	9.96	10714.51	20.966	0
10145	9.96	10719.54	20.967	0
10150	9.97	10718.57	20.967	0
10155	9.97	10718.09	20.966	0
10160	10.01	10721.61	20.967	0
10165	10.01	10730.65	20.967	0
10170	10.01	10730.25	20.966	0
10175	10.01	10727.62	20.966	0
10180	10.01	10728.16	20.966	0
10185	10.01	10734.09	20.965	0
10190	10.01	10739.99	20.965	0
10195	10.01	10739.82	20.966	0
10200	10.01	10740.32	20.964	0
10205	10.01	10740.87	20.966	0
10210	10.06	10748.13	20.967	0
10215	10.07	10751.1	20.967	0
10220	10.07	10748.42	20.968	0
10225	10.07	10750.31	20.968	0
10230	10.07	10755.25	20.97	0
10235	10.07	10760.57	20.972	0
10240	10.07	10761.08	20.971	0
10245	10.07	10760	20.973	0
10250	10.06	10761.86	20.973	0
10255	10.06	10768.68	20.973	0
10260	10.11	10771.43	20.974	1
