0	0	3658.11	8.232	0
5	0	3655.19	8.301	0
10	0	3656.06	8.305	0
15	0	3656.48	8.305	0
20	0	3655.78	8.302	0
25	0	3656.49	8.301	0
30	0	3658.2	8.297	0
35	0	3659.63	8.294	0
40	-0.02	3658.4	8.291	0
45	-0.01	3658.37	8.189	0
50	0	3659.72	8.189	0
55	0	NaN	8.188	0
60	-0.01	NaN	8.186	0
65	0	NaN	8.184	0
70	0	NaN	8.182	0
75	0	NaN	8.178	0
80	0	NaN	16.157	0
85	0	NaN	51.303	0
90	0	NaN	52.555	0
95	0	NaN	52.697	0
100	0	NaN	52.782	0
105	0	NaN	52.843	0
110	0	NaN	52.882	0
115	0	NaN	52.909	0
120	0	NaN	52.927	0
125	0	NaN	52.938	0
130	0	NaN	52.945	0
135	0	NaN	52.948	0
140	0	NaN	52.95	0
145	0	NaN	52.951	0
150	0	NaN	52.951	0
155	0	NaN	52.947	0
160	0	NaN	52.945	0
165	0	NaN	52.942	0
170	0	NaN	52.939	0
175	0	NaN	52.934	0
180	0	NaN	52.931	0
185	0	NaN	52.926	0
190	0	3498.44	52.923	0
195	0	3502.21	52.917	0
200	0	3476.91	52.913	0
205	0	3475.84	52.908	0
210	0	3478.57	52.902	0
215	0	3482.24	52.897	0
220	0	3485.27	52.891	0
225	0	3487.79	52.885	0
230	0	3459.73	52.881	0
235	0	3462.56	52.876	0
240	0	3466.12	52.871	0
245	0	3469.14	52.864	0
250	0	3469.69	52.858	0
255	0	3433.74	52.854	0
260	0	3446.18	52.849	0
265	0	3449.66	52.843	0
270	0	3450.95	52.838	0
275	0	3452.82	52.833	0
280	0	3456.44	52.827	0
285	0	3430.34	52.823	0
290	0	3432.25	52.817	0
295	0	3434.13	52.813	0
300	0	3435.78	52.81	0
305	0	3439.65	52.803	0
310	0	3397.31	52.799	0
315	0	3415.11	52.794	0
320	0.02	3416.51	52.79	0
325	0.03	3421.58	52.786	0
330	0.06	3423.62	52.781	0
335	0.06	3411.05	52.778	0
340	0.08	3397.98	52.774	0
345	0.1	3400.81	52.769	0
350	0.1	3404.72	52.765	0
355	0.14	3407.37	52.762	0
360	0.14	3408.32	52.755	0
365	0.17	3381.58	56.267	0
370	0.18	3263.7	56.269	0
375	0.23	3243.83	56.272	0
380	0.23	3237.56	56.275	0
385	0.23	3233	56.274	0
390	0.28	3228.98	56.276	0
395	0.28	3225.32	56.279	0
400	0.33	3221.26	56.279	0
405	0.33	3220.72	56.278	0
410	0.38	3223.93	56.279	0
415	0.38	3226.44	56.278	0
420	0.39	3230.36	56.281	0
425	0.42	3204.68	56.282	0
430	0.43	3207.59	56.281	0
435	0.47	3210.43	56.284	0
440	0.47	3213.88	56.284	0
445	0.52	3216.33	56.283	0
450	0.52	3193.55	56.285	0
455	NaN	3193.59	56.285	0
460	0.57	3196.71	56.285	0
465	0.58	3199.46	56.286	0
470	0.62	3202.21	56.286	0
475	0.62	3190.39	56.287	0
480	0.67	3179.64	56.287	0
485	0.68	3182.75	56.287	0
490	0.67	3184.47	56.286	0
495	0.72	3187.02	56.286	0
500	0.72	3172.48	56.287	0
505	0.77	3165.67	56.286	0
510	0.77	3169.62	56.286	0
515	0.82	3169.83	56.286	0
520	0.83	3172.06	56.284	0
525	0.83	3159.22	56.286	0
530	0.87	3152.67	56.286	0
535	0.88	3154.9	56.286	0
540	0.93	3155.74	56.285	0
545	0.92	3158.09	56.283	0
550	0.93	3141.51	56.284	0
555	0.98	3138.1	56.283	0
560	0.98	3139.31	56.283	0
565	1.02	3140.57	56.282	1
570	1.03	3144.69	56.281	0
575	1.03	3132.53	56.282	0
580	1.04	3124.21	56.281	0
585	1.08	3125.09	56.28	0
590	1.09	3127.88	56.279	0
595	1.14	3131.21	56.278	0
600	1.14	3129.23	56.279	0
605	1.18	3109.73	56.277	0
610	1.18	3111.61	56.275	0
615	1.23	3114.31	56.277	0
620	1.23	3117.57	56.274	0
625	1.23	3119.89	56.274	0
630	1.28	3095.27	56.273	0
635	1.28	3097.37	56.272	0
640	1.33	3100.74	56.271	0
645	1.33	3103.71	56.27	0
650	1.38	3105.55	56.269	0
655	1.37	3080.9	56.269	0
660	1.38	3083.55	56.269	0
665	1.43	3087.19	56.267	0
670	1.43	3089.52	56.267	0
675	1.47	3089.92	56.266	0
680	1.48	3068.56	56.264	0
685	1.48	3070.54	56.262	0
690	1.52	3073.3	56.261	0
695	1.52	3075.42	56.259	0
700	1.57	3077.63	56.258	0
705	1.57	3054.89	56.256	0
710	1.62	3057.58	56.253	0
715	1.62	3058.99	56.249	0
720	1.62	3060.81	56.248	0
725	1.67	3063.48	56.247	0
730	1.68	3042.36	56.244	0
735	1.73	3043.57	56.244	0
740	1.73	3045.25	56.243	0
745	1.73	3047.44	56.242	0
750	1.78	3050.35	56.244	0
755	1.78	3028.51	56.245	0
760	1.82	3029.9	56.243	0
765	1.82	3030.95	56.241	0
770	1.82	3033.36	56.241	0
775	1.87	3037.02	56.237	0
780	1.87	3016.67	56.233	0
785	1.92	3015.36	56.232	0
790	1.92	3017.06	56.231	0
795	1.93	3020.81	56.232	0
800	1.97	3023.39	56.23	0
805	1.97	3002.26	56.229	0
810	2.01	3001.61	56.227	0
815	2.01	3004.52	56.227	0
820	2.06	3006.79	56.229	1
825	2.06	3009.79	56.226	0
830	2.06	2997.96	56.227	0
835	2.09	2988.01	56.227	0
840	2.1	2991.57	56.225	0
845	2.13	2993.47	56.224	0
850	2.15	2995.44	56.225	0
855	2.17	2976.15	56.222	0
860	2.22	2974.49	56.221	0
865	2.22	2978.45	56.222	0
870	2.22	2979.56	56.22	0
875	2.26	2981.71	56.219	0
880	2.26	2974.68	56.219	0
885	2.28	2962.97	56.219	0
890	2.31	2965.49	56.217	0
895	2.33	2966.79	56.217	0
900	2.35	2968.08	56.215	0
905	2.4	2970.62	56.215	0
910	2.4	2949.53	56.213	0
915	2.41	2951.49	56.213	0
920	2.44	2952.71	56.212	0
925	2.46	2954.38	56.21	0
930	2.49	2957.81	56.21	0
935	2.5	2936.15	56.209	0
940	2.53	2937.48	56.206	0
945	2.53	2938.3	56.208	0
950	2.57	2941.71	56.207	0
955	2.59	2945.13	56.206	0
960	2.61	2922.87	56.203	0
965	2.63	2923.26	56.204	0
970	2.62	2925.55	56.204	0
975	2.64	2928.53	56.203	0
980	2.68	2931.84	56.201	0
985	2.69	2909.56	56.2	0
990	2.74	2909.42	56.2	0
995	2.74	2912.01	56.198	0
1000	2.78	2916.1	56.197	0
1005	2.77	2917.63	56.196	0
1010	2.83	2896.71	56.193	0
1015	2.82	2897.54	56.19	0
1020	2.86	2900.01	56.188	0
1025	2.86	2902.59	56.187	0
1030	2.87	2903.82	56.185	0
1035	2.92	2882.63	56.183	0
1040	2.92	2884.42	56.185	0
1045	2.97	2886.85	56.181	0
1050	2.97	2888.86	56.181	0
1055	3.02	2890.4	56.182	0
1060	3.01	2869.54	56.179	0
1065	3.06	2871.85	56.178	1
1070	3.05	2874.42	56.179	0
1075	3.05	2875.54	56.178	0
1080	3.09	2877.32	56.177	0
1085	3.09	2870.24	56.177	0
1090	3.14	2859.38	56.177	0
1095	3.13	2860.83	56.175	0
1100	3.18	2862.49	56.174	0
1105	3.18	2864.76	56.174	0
1110	3.23	2852.88	56.174	0
1115	3.22	2846.79	56.171	0
1120	3.27	2847.88	56.171	0
1125	3.28	2850.33	56.169	0
1130	3.28	2852.72	56.168	0
1135	3.32	2855.08	56.167	0
1140	3.32	2833.77	56.169	0
1145	3.36	2834.95	56.168	0
1150	3.37	2836.98	56.17	0
1155	3.41	2840	56.169	0
1160	3.41	2842.35	56.166	0
1165	3.42	2821.78	56.167	0
1170	3.46	2822.65	56.166	0
1175	3.46	2824.91	56.166	0
1180	3.51	2827.25	56.164	0
1185	3.51	2829.98	56.164	0
1190	3.54	2808.49	56.163	0
1195	3.54	2809.21	56.162	0
1200	3.58	2812.49	56.162	0
1205	3.59	2814.99	56.162	0
1210	3.64	2816.57	56.16	0
1215	3.64	2795.94	56.16	0
1220	3.69	2797.75	56.159	0
1225	3.69	2800.48	56.159	0
1230	3.69	2801.93	56.158	0
1235	3.74	2803.69	56.159	0
1240	3.74	2783.74	56.157	0
1245	3.79	2786.52	56.155	0
1250	3.79	2789.24	56.156	0
1255	3.8	2790.67	56.155	0
1260	3.85	2792.41	56.156	0
1265	3.85	2773.65	56.153	0
1270	3.89	NaN	56.154	0
1275	3.89	NaN	56.153	0
1280	3.9	NaN	56.152	0
1285	3.95	NaN	56.15	0
1290	3.95	NaN	56.15	0
1295	3.95	NaN	56.151	0
1300	4	NaN	56.149	0
1305	4.01	NaN	56.149	0
1310	4.06	NaN	56.148	0
1315	4.06	NaN	56.146	0
1320	4.07	NaN	56.143	1
1325	4.08	NaN	56.143	0
1330	4.09	NaN	56.141	0
1335	4.11	NaN	56.141	0
1340	4.15	2756.5	56.138	0
1345	4.16	2740.59	56.139	0
1350	4.2	2737.11	56.137	0
1355	4.2	2739.39	56.137	0
1360	4.23	2741.8	56.137	0
1365	4.24	2744.84	56.135	0
1370	4.28	2731.9	56.136	0
1375	4.28	2724.91	56.134	0
1380	4.3	2728.04	56.135	0
1385	4.31	2730.27	56.133	0
1390	4.35	2732.17	56.134	0
1395	4.36	2711.2	56.134	0
1400	4.4	2713.66	56.133	0
1405	4.4	2715.64	56.134	0
1410	4.4	2718.18	56.134	0
1415	4.45	2719.62	56.133	0
1420	4.45	2706.35	56.133	0
1425	4.5	2702.06	56.134	0
1430	4.5	2704.22	56.133	0
1435	4.55	2706.55	56.133	0
1440	4.55	2707.13	56.13	0
1445	4.56	2697.53	56.13	0
1450	4.6	2689.25	56.13	0
1455	4.6	2692.48	56.13	0
1460	4.64	2693.84	56.129	0
1465	4.66	2696.06	56.129	0
1470	4.67	2687.74	56.128	0
1475	4.68	2678.5	56.127	0
1480	4.72	2680.27	56.128	0
1485	4.71	2681.14	56.126	0
1490	4.77	2683.47	56.126	0
1495	4.77	2679.58	56.123	0
1500	4.83	2666.48	56.124	0
1505	4.82	2667.96	56.122	0
1510	4.82	2669.38	56.122	0
1515	4.87	2671.33	56.12	0
1520	4.88	2674.83	56.12	0
1525	4.9	2654.77	56.119	0
1530	4.91	2656.09	56.117	0
1535	4.95	2657.82	56.115	0
1540	4.95	2660.6	56.113	0
1545	5	2663.26	56.112	0
1550	5	2642.86	56.113	0
1555	5	2643.25	56.113	0
1560	5.05	2646.58	56.11	0
1565	5.05	2648.58	56.11	0
1570	5.09	2651.05	56.11	1
1575	5.1	2630.59	56.11	0
1580	5.11	2632.58	56.109	0
1585	5.14	2635.85	56.11	0
1590	5.18	2638.15	56.111	0
1595	5.17	2638.89	56.11	0
1600	5.22	2618.45	56.11	0
1605	5.22	2622.46	56.109	0
1610	5.25	2623.94	56.109	0
1615	5.26	2625.17	56.11	0
1620	5.3	2627.51	56.11	0
1625	5.29	2608.14	56.109	0
1630	5.34	2610.01	56.107	0
1635	5.33	2612.31	56.105	0
1640	5.38	2614.14	56.103	0
1645	5.38	2614.79	56.103	0
1650	5.42	2597.17	56.104	0
1655	5.42	2599.14	56.101	0
1660	5.45	2600.6	56.101	0
1665	5.47	2601.95	56.101	0
1670	5.48	2604.63	56.101	0
1675	5.51	2585.57	56.099	0
1680	5.53	2587.23	56.097	0
1685	5.53	2588.01	56.098	0
1690	5.57	2590.05	56.094	0
1695	5.57	2593.68	56.094	0
1700	5.61	2575.07	56.094	0
1705	5.62	2575.96	56.094	0
1710	5.66	2576.6	56.093	0
1715	5.66	2579.15	56.094	0
1720	5.7	2581.89	56.093	0
1725	5.7	2563.84	56.093	0
1730	5.75	2564.1	56.093	0
1735	5.75	2566.08	56.093	0
1740	5.8	2569.16	56.094	0
1745	5.79	2571.98	56.094	0
1750	5.84	2551.55	56.094	0
1755	5.84	2552.73	56.094	0
1760	5.88	2554.84	56.094	0
1765	5.89	2557.91	56.092	0
1770	5.9	2559.48	56.089	0
1775	5.91	2539.7	56.087	0
1780	5.91	2541.51	56.087	0
1785	5.96	2544.02	56.09	0
1790	5.96	2546.75	56.09	0
1795	6.01	2547.79	56.088	0
1800	6	2529.3	56.089	0
1805	6.05	2530.86	56.088	0
1810	6.05	2532.94	56.086	0
1815	6.1	2535.08	56.086	1
1820	6.13	2536.78	56.085	0
1825	6.14	2519.01	56.086	0
1830	6.16	2519.67	56.084	0
1835	6.19	2522.83	56.085	0
1840	6.19	2524.52	56.083	0
1845	6.24	2524.66	56.082	0
1850	6.24	2504.21	56.081	0
1855	6.26	2509.57	56.081	0
1860	6.26	2511.59	56.082	0
1865	6.32	2513.21	56.08	0
1870	6.32	2514.81	56.08	0
1875	6.37	2495.2	56.079	0
1880	6.37	2498.55	56.079	0
1885	6.37	2500.84	56.079	0
1890	6.42	2501.23	56.078	0
1895	6.42	2503.73	56.076	0
1900	6.47	2489.3	56.076	0
1905	6.47	2487.71	56.075	0
1910	6.48	2488.5	56.074	0
1915	6.52	2490.93	56.072	0
1920	6.52	2493.74	56.072	0
1925	6.53	2469.26	56.071	0
1930	6.58	2475.67	56.071	0
1935	6.58	2477.85	56.069	0
1940	6.63	2481.36	56.069	0
1945	6.63	2482.55	56.068	0
1950	6.68	2460.94	56.068	0
1955	6.68	2465.12	56.068	0
1960	6.68	2467.54	56.066	0
1965	6.73	2470.23	56.066	0
1970	6.73	2471.91	56.065	0
1975	NaN	2455.25	56.066	0
1980	6.79	2454.98	56.066	0
1985	6.79	2457.95	56.065	0
1990	6.84	2459.25	56.064	0
1995	6.84	2461.35	56.063	0
2000	6.89	2444.66	56.063	0
2005	6.89	2443.76	56.062	0
2010	6.9	2446.88	56.061	0
2015	6.93	2448.37	56.06	0
2020	6.94	2450.47	56.06	0
2025	6.99	2436.57	56.061	0
2030	6.99	2433.99	56.058	0
2035	6.99	2436.3	56.058	0
2040	7.04	2437.52	56.057	0
2045	7.04	2439.26	56.057	0
2050	7.09	2424.61	56.056	0
2055	7.08	2423.66	56.055	0
2060	7.13	2425.13	56.055	1
2065	7.15	2426.75	56.054	0
2070	7.15	2429	56.055	0
2075	7.2	2415.42	56.053	0
2080	7.2	2413.46	56.053	0
2085	7.2	2415.03	56.053	0
2090	7.26	2416.75	56.051	0
2095	7.26	2418.2	56.05	0
2100	7.28	2405.72	56.048	0
2105	7.3	2402.63	56.049	0
2110	7.36	2404.16	56.047	0
2115	7.35	2406.11	56.047	0
2120	7.35	2408.65	56.047	0
2125	7.39	2390.71	56.047	0
2130	7.4	2392.42	56.044	0
2135	7.4	2393.75	56.045	0
2140	7.44	2396	56.044	0
2145	7.45	2398.82	56.043	0
2150	NaN	2379.79	56.041	0
2155	7.5	2381.05	56.041	0
2160	7.5	2384.35	56.042	0
2165	7.55	2386.23	56.042	0
2170	7.55	2389.37	56.04	0
2175	7.6	2368.37	56.041	0
2180	7.6	2371.87	56.041	0
2185	NaN	2373.61	56.041	0
2190	7.65	2375.72	56.041	0
2195	7.65	2377.78	56.041	0
2200	7.7	2362.23	56.04	0
2205	7.7	2360.93	56.04	0
2210	7.75	2363.72	56.041	0
2215	7.75	2365.87	56.04	0
2220	7.75	NaN	56.039	0
2225	7.8	NaN	56.04	0
2230	7.8	NaN	56.039	0
2235	7.85	NaN	56.038	0
2240	7.85	NaN	56.039	0
2245	7.9	NaN	56.039	0
2250	7.9	NaN	56.038	0
2255	NaN	NaN	56.038	0
2260	7.95	NaN	56.038	0
2265	7.96	NaN	56.038	0
2270	7.99	NaN	56.038	0
2275	7.99	NaN	56.038	0
2280	7.99	NaN	56.039	0
2285	8.05	NaN	56.038	0
2290	8.04	2333.46	56.038	0
2295	8.1	2334.85	56.038	0
2300	8.1	2336.9	56.036	0
2305	8.1	2317.39	56.037	0
2310	8.15	2321.43	56.037	1
2315	8.18	2322.92	56.036	0
2320	8.19	2324.72	56.037	0
2325	8.19	2326.94	56.037	0
2330	8.24	2309	56.034	0
2335	8.24	2311.52	56.037	0
2340	8.29	2312.86	56.035	0
2345	8.29	2314.67	56.036	0
2350	8.34	2317.63	56.035	0
2355	8.34	2300.33	56.035	0
2360	8.35	2300.76	56.035	0
2365	8.39	2302.67	56.035	0
2370	8.4	2305.09	56.036	0
2375	8.41	2308.06	56.035	0
2380	8.46	2290.77	56.035	0
2385	8.46	2290.36	56.035	0
2390	8.46	2292.38	56.035	0
2395	8.51	2295.51	56.035	0
2400	8.51	2297.79	56.035	0
2405	8.56	2280.52	56.034	0
2410	8.56	2280.8	56.032	0
2415	8.57	2283.06	56.031	0
2420	8.6	2285.83	56.03	0
2425	8.61	2287.7	56.03	0
2430	8.66	2270.67	56.031	0
2435	8.66	2271.75	56.03	0
2440	8.66	2273.48	56.03	0
2445	8.72	2275.8	56.03	0
2450	8.71	2277.48	56.029	0
2455	8.77	2259.1	56.028	0
2460	8.77	2261.97	56.026	0
2465	8.77	2264.65	56.025	0
2470	8.82	2265.99	56.023	0
2475	8.82	2267.73	56.023	0
2480	8.87	2250.3	56.022	0
2485	8.87	2253.01	56.022	0
2490	8.91	2255.27	56.022	0
2495	8.91	2256.19	56.022	0
2500	8.92	2258.06	56.022	0
2505	8.97	2242.62	56.022	0
2510	8.96	2243.44	56.022	0
2515	9.01	2244.69	56.023	0
2520	9.01	2246.29	56.021	0
2525	9.07	2248.06	56.021	0
2530	9.06	2232.19	56.022	0
2535	9.06	2234.09	56.022	0
2540	9.11	2235.15	56.022	0
2545	9.11	2237.25	56.022	0
2550	9.16	2239.26	56.021	1
2555	9.17	2222.93	56.022	0
2560	9.17	2223.71	56.022	0
2565	9.17	2224.77	56.022	0
2570	9.22	2226.97	56.022	0
2575	9.23	2229.68	56.021	0
2580	9.27	2213.82	56.021	0
2585	9.28	2213.74	56.022	0
2590	9.3	2215.24	56.019	0
2595	9.31	2217.99	56.021	0
2600	9.37	2220.26	56.021	0
2605	9.37	2205	56.021	0
2610	9.37	2204.24	56.02	0
2615	9.43	2206.07	56.021	0
2620	9.43	2208.62	56.019	0
2625	9.43	2210.81	56.019	0
2630	9.47	2194.13	56.018	0
2635	9.49	2194.26	56.017	0
2640	9.49	2196.58	56.017	0
2645	9.55	2199.56	56.017	0
2650	9.55	2201.01	56.016	0
2655	9.55	2185.46	56.015	0
2660	9.61	2185.9	56.015	0
2665	9.61	2189.28	56.015	0
2670	9.66	2190.25	56.014	0
2675	9.66	2192.45	56.013	0
2680	9.67	2177.92	56.013	0
2685	9.72	2179.83	56.012	0
2690	9.72	2181.38	56.011	0
2695	9.76	2181.64	56.011	0
2700	9.75	2183.88	56.01	0
2705	9.76	2169.05	56.011	0
2710	9.81	2170.62	56.011	0
2715	9.8	2170.92	56.009	0
2720	9.85	2171.77	56.008	0
2725	9.86	2173.01	56.008	0
2730	9.9	2158.34	56.007	0
2735	9.91	2159.96	56.005	0
2740	9.91	2161.48	56.005	0
2745	9.96	2163.59	56.004	0
2750	9.96	2164.46	56.004	0
2755	10	2154.72	56.004	0
2760	10.01	2150.37	56.002	0
2765	10.01	2151.1	56.003	0
2770	10.06	2152.93	56.001	0
2775	10.06	2155.11	55.999	0
2780	10.11	2145.26	55.999	0
2785	10.12	2141.14	55.998	0
2790	10.12	2142.23	55.996	0
2795	10.13	2144.11	55.995	0
2800	10.18	2146.61	55.996	1
