0	0.01	1940.52	0.27	0
5	0	1950.82	0.267	0
10	-0.01	1950.13	0.268	0
15	0	1949.1	0.267	0
20	0	1947.94	0.266	0
25	-0.02	1948.81	0.182	0
30	0.02	NaN	0.181	0
35	0	NaN	0.182	0
40	0	NaN	0.184	0
45	0	NaN	0.184	0
50	0	NaN	0.185	0
55	0	NaN	0.185	0
60	0	NaN	0.185	0
65	0	NaN	0.187	0
70	0	NaN	0.187	0
75	0	NaN	0.187	0
80	0	NaN	14.37	0
85	0	NaN	26.863	0
90	0	NaN	27.985	0
95	0	NaN	28.005	0
100	0	NaN	28.021	0
105	0	NaN	28.031	0
110	0	NaN	28.034	0
115	0	NaN	28.034	0
120	-0.01	NaN	28.032	0
125	-0.01	NaN	28.031	0
130	0	NaN	28.028	0
135	-0.01	NaN	28.026	0
140	-0.01	NaN	28.022	0
145	0	NaN	28.017	0
150	0.01	NaN	28.013	0
155	0	NaN	28.01	0
160	0	NaN	28.005	0
165	0	2844.25	28.002	0
170	0	2846.85	27.999	0
175	0	2849.18	27.995	0
180	0	2924.75	27.991	0
185	0	2940.02	27.986	0
190	0	2943.6	27.98	0
195	0	2946.3	27.977	0
200	0	2948.89	27.974	0
205	0	2949.8	27.969	0
210	0	2951.92	27.966	0
215	0	2956.08	27.961	0
220	0	2957.26	27.958	0
225	0	2958.67	27.957	0
230	0	2980.88	27.954	0
235	0	3048.37	27.952	0
240	0.01	3051.47	27.947	0
245	0.02	3054.47	27.945	0
250	0.01	3055.46	27.941	0
255	0.01	3059.35	27.938	0
260	0	3061.63	27.936	0
265	0.01	3063.62	27.932	0
270	0	3064.26	27.929	0
275	0	3066.63	27.926	0
280	0	3068.91	27.924	0
285	0	3151.23	27.919	0
290	0	3157.57	27.916	0
295	0	3159.15	27.912	0
300	0	3162.51	27.91	0
305	0	3165.45	27.907	0
310	0	3166.7	27.904	0
315	0	3168.31	27.9	0
320	0	3169.95	27.897	0
325	0	3172.68	27.893	0
330	0	3175.46	27.89	0
335	0	3234.79	27.887	0
340	0.01	3258.55	27.885	0
345	0	3262.39	27.881	0
350	0	3266.83	27.877	0
355	0	3268.03	27.874	0
360	0	3269.59	27.872	0
365	0	3272.68	27.87	0
370	0	3274.99	27.868	0
375	0	3276.73	27.865	0
380	0	3276.93	27.861	0
385	0	3304.68	27.859	0
390	0	3360.17	27.855	0
395	0	3364.36	27.852	0
400	0	3366.23	27.847	0
405	0	3367.88	27.842	0
410	0	3370.02	27.84	0
415	0	3373.19	27.837	0
420	0	3375.23	27.834	0
425	0	3377.41	27.831	0
430	0	3378.46	27.829	0
435	0	3381.71	27.826	0
440	0	3459.71	27.823	0
445	0	3463.68	27.819	0
450	0	3465.43	27.816	0
455	0	3468.06	27.814	0
460	0	3470.54	27.811	0
465	0	3472.79	27.81	0
470	0	3473.48	27.805	0
475	0	3476.67	27.802	0
480	0	3477.99	27.799	0
485	0	3480.94	27.797	0
490	0	3534.65	27.793	0
495	0	3559.32	27.79	0
500	0	3563.67	27.787	0
505	0	3565.98	27.786	0
510	0	3568.74	27.782	0
515	0	3569.72	27.782	0
520	0	3571.24	27.78	0
525	0	3573.25	27.777	0
530	0	3577.39	27.775	0
535	0	3578.32	27.771	0
540	0	3579.44	27.768	0
545	0	3656.83	27.765	0
550	0	3662.14	27.763	0
555	0	3664.25	27.756	0
560	0	3665.17	27.754	0
565	0	3667.83	27.75	0
570	0	3670.62	27.749	0
575	0	3673.37	27.744	0
580	0	3674.04	27.741	0
585	0.01	3675.43	27.739	0
590	0.03	3678.03	27.737	0
595	0.03	3735.23	27.735	0
600	0.03	3756.84	27.733	0
605	0.04	3758.4	27.731	0
610	0.07	3760.37	27.727	0
615	0.07	3764.36	27.726	0
620	0.06	3766.83	27.721	0
625	0.07	3767.44	27.719	0
630	0.07	3768.01	27.716	0
635	0.12	3771.1	27.713	0
640	0.12	3774.38	27.711	0
645	0.12	3771.88	27.708	0
650	0.12	3847.26	27.707	0
655	0.12	3851.02	27.702	0
660	0.12	3855.48	27.7	0
665	0.17	3858.02	27.696	0
670	0.17	3860.05	27.693	0
675	0.17	3862.6	27.691	0
680	0.17	3863.04	27.687	0
685	0.18	3866.68	27.686	0
690	0.17	3868.53	27.683	0
695	0.21	3869.58	27.68	0
700	0.23	3934.71	27.678	0
705	0.22	3946.48	27.674	0
710	0.22	3949.86	27.671	0
715	0.23	3950.51	27.67	0
720	0.22	3953.64	27.666	0
725	0.28	3955.9	27.665	0
730	0.28	3958.87	27.661	0
735	0.28	3959.83	27.659	0
740	0.28	3962.22	27.657	0
745	0.28	3965.1	27.655	0
750	0.32	3965.91	27.651	0
755	0.34	4038.05	27.648	0
760	0.33	4039.53	27.645	0
765	0.33	4042.97	27.642	0
770	0.33	4045.45	27.639	0
775	0.33	4047.57	27.636	0
780	0.37	4049.59	27.635	0
785	0.39	4050.29	27.632	0
790	0.38	4053.44	27.627	0
795	0.38	4056.12	27.623	0
800	0.38	4058.58	27.621	0
805	0.39	4089.61	27.619	0
810	0.44	4128.84	27.616	0
815	0.44	4131.87	27.613	0
820	0.44	4135.77	27.611	0
825	0.44	4137.94	27.608	0
830	0.43	4139.21	27.606	0
835	0.44	4141.11	27.603	0
840	0.49	4144.37	27.601	0
845	0.49	4146.59	27.599	0
850	0.49	4148.56	27.595	0
855	0.49	4149.05	27.595	0
860	0.49	4210	27.593	0
865	0.49	4222.52	27.591	0
870	0.54	4224.06	27.588	0
875	0.55	4226.28	27.586	0
880	0.54	4229.78	27.583	0
885	0.54	4233.45	27.581	0
890	0.54	4234.36	27.578	0
895	0.54	4234.26	27.575	0
900	0.59	4237	27.573	0
905	0.59	4239.91	27.57	0
910	0.59	4252.48	27.567	0
915	0.59	4309.45	27.565	0
920	0.59	4312.54	27.562	0
925	0.64	4316.96	27.561	0
930	0.64	4320.6	27.556	0
935	0.64	4322.18	27.553	0
940	0.64	4321.37	27.552	0
945	0.64	4323.31	27.55	0
950	0.65	4326.82	27.545	0
955	0.64	4331.11	27.544	0
960	0.69	4331.56	27.541	0
965	0.69	4372.52	27.539	0
970	0.69	4399.67	27.536	0
975	0.69	4404.17	27.533	0
980	0.69	4405.75	27.53	0
985	0.7	4407.59	27.528	0
990	0.76	4408.88	27.525	0
995	0.75	4412.79	27.521	0
1000	0.76	4414.9	27.52	0
1005	0.75	4416.67	27.518	0
1010	0.74	4418.05	27.515	0
1015	0.75	4420.03	27.511	0
1020	0.8	4484.05	27.509	0
1025	0.8	4490.57	27.506	0
1030	0.81	4492.27	27.505	0
1035	0.81	4493.74	27.501	0
1040	0.81	4497.91	27.498	0
1045	0.81	4501.09	27.497	0
1050	NaN	4501.72	27.494	0
1055	0.87	4502.39	27.492	0
1060	0.86	4506.66	27.49	0
1065	0.86	4509.44	27.488	0
1070	0.86	4522.24	27.485	0
1075	0.86	4574.56	27.482	0
1080	0.91	4578.62	27.479	0
1085	0.91	4580.89	27.477	0
1090	0.91	4585.31	27.474	0
1095	0.91	4585.75	27.472	0
1100	0.91	4587.57	27.469	0
1105	0.91	4590.1	27.466	0
1110	0.9	4592.55	27.465	0
1115	0.96	4594.43	27.46	0
1120	0.96	4595.14	27.459	0
1125	0.96	4618.22	27.457	0
1130	0.95	4663.65	27.454	0
1135	0.97	4667.32	27.452	0
1140	0.97	4667.3	27.448	0
1145	1.02	4669.79	27.446	1
1150	1.02	4673.67	27.444	0
1155	1.03	4675.7	27.442	0
1160	1.03	4677.27	27.439	0
1165	1.03	4678.78	27.436	0
1170	1.02	4680.13	27.434	0
1175	1.03	4683.98	27.431	0
1180	1.07	4736.43	27.428	0
1185	1.07	4749.98	27.425	0
1190	1.06	4751.22	27.422	0
1195	1.06	4754.16	27.421	0
1200	1.07	4758.01	27.419	0
1205	1.12	4761.03	27.416	0
1210	1.12	4761.38	27.413	0
1215	1.12	4763.28	27.411	0
1220	1.13	4767.42	27.408	0
1225	1.13	4768.35	27.405	0
1230	1.15	4769.1	27.404	0
1235	1.18	4828.89	27.401	0
1240	1.18	4834.62	27.398	0
1245	1.19	NaN	27.399	0
1250	1.18	NaN	27.394	0
1255	1.2	NaN	27.392	0
1260	1.19	NaN	27.389	0
1265	1.23	NaN	27.387	0
1270	1.24	NaN	27.384	0
1275	1.23	NaN	27.382	0
1280	1.24	NaN	27.38	0
1285	1.25	NaN	27.377	0
1290	1.26	NaN	27.375	0
1295	1.25	NaN	27.371	0
1300	1.25	NaN	27.369	0
1305	1.25	NaN	27.367	0
1310	1.25	NaN	27.364	0
1315	1.3	4929.14	27.361	0
1320	1.3	4930.1	27.358	0
1325	1.3	4931.13	27.357	0
1330	1.31	4931.1	27.354	0
1335	1.3	4934.9	27.353	0
1340	1.31	4937.82	27.349	0
1345	1.3	4936.57	27.347	0
1350	1.36	4998.82	27.345	0
1355	1.36	5002.75	27.342	0
1360	1.37	5007.55	27.339	0
1365	1.37	5009.31	27.338	0
1370	1.36	5009.65	27.335	0
1375	1.36	5012.22	27.333	0
1380	1.41	5017.02	27.33	0
1385	1.42	5017.05	27.328	0
1390	1.41	5019.4	27.325	0
1395	1.41	5020.09	27.324	0
1400	1.41	5039.72	27.321	0
1405	1.42	5083.82	27.318	0
1410	1.41	5086.73	27.316	0
1415	1.47	5086.03	27.313	0
1420	1.47	5088.8	27.312	0
1425	1.47	5093.16	27.308	0
1430	1.46	5096.19	27.307	0
1435	1.46	5095.79	27.304	0
1440	1.46	5097.52	27.302	0
1445	1.52	5100.83	27.3	0
1450	1.51	5103.44	27.296	0
1455	1.52	5119.55	27.293	0
1460	1.52	5164.57	27.291	0
1465	1.52	5166.22	27.289	0
1470	1.52	5171.14	27.286	0
1475	1.57	5174.89	27.283	0
1480	1.57	5173.63	27.281	0
1485	1.57	5174.89	27.279	0
1490	1.58	5177.43	27.277	0
1495	1.56	5181.45	27.276	0
1500	1.57	5183.75	27.272	0
1505	1.57	5183.85	27.271	0
1510	1.62	5200.67	27.267	0
1515	1.62	5244.69	27.266	0
1520	1.61	5249.5	27.263	0
1525	1.62	5250.95	27.261	0
1530	1.62	5253.25	27.259	0
1535	1.63	5254.61	27.255	0
1540	1.67	5258.7	27.253	0
1545	1.68	5261.26	27.251	0
1550	1.67	5261.42	27.249	0
1555	1.68	5263.57	27.246	0
1560	1.67	5266.98	27.244	0
1565	1.67	5304.92	27.242	0
1570	1.73	5325.72	27.239	0
1575	1.73	5328.22	27.237	0
1580	1.73	5331.6	27.234	0
1585	1.73	5335.59	27.231	0
1590	1.73	5336.28	27.229	0
1595	1.73	5336.92	27.227	0
1600	1.72	5339.79	27.226	0
1605	1.73	5342.54	27.223	0
1610	1.74	5344.95	27.221	0
1615	1.78	5346	27.22	0
1620	1.78	5373.19	27.216	0
1625	1.79	5405.72	27.214	0
1630	1.79	5411.24	27.211	0
1635	1.78	5411.81	27.209	0
1640	1.79	5411.61	27.207	0
1645	1.79	5415.19	27.204	0
1650	1.84	5419.13	27.203	0
1655	1.86	5419.73	27.2	0
1660	1.85	5420.17	27.198	0
1665	1.85	5423.02	27.197	0
1670	1.85	5426.27	27.194	0
1675	1.84	5448.41	27.192	0
1680	1.84	5485.19	27.189	0
1685	1.9	5487.14	27.188	0
1690	1.9	5487.33	27.186	0
1695	1.89	5492.85	27.184	0
1700	1.9	5494.55	27.183	0
1705	1.89	5496.25	27.182	0
1710	1.89	5497.97	27.181	0
1715	1.95	5501.59	27.181	0
1720	1.94	5504.16	27.182	0
1725	1.95	5502.65	27.182	0
1730	1.95	5552.61	27.183	0
1735	1.95	5564.64	27.184	0
1740	1.95	5565.83	27.184	0
1745	NaN	5569.59	27.184	0
1750	2.01	5570.26	27.187	0
1755	2	5572.44	27.189	0
1760	2	5575.37	27.189	0
1765	2	5579.57	27.192	0
1770	2	5577.83	27.193	0
1775	2	5579.68	27.197	0
1780	2	5604.22	27.199	0
1785	2.01	5641.33	27.201	0
1790	2.05	5644.11	27.203	1
1795	2.06	5645.73	27.206	0
1800	2.06	5646.43	27.208	0
1805	2.06	5651.59	27.21	0
1810	2.06	5653.47	27.214	0
1815	2.06	5654.89	27.216	0
1820	2.1	5654.13	27.218	0
1825	2.11	5656.59	27.22	0
1830	2.11	5710.7	27.222	0
1835	2.12	5716.11	27.224	0
1840	2.12	5718.27	27.225	0
1845	2.12	5720.97	27.228	0
1850	2.12	5723.81	27.229	0
1855	2.17	5727.14	27.231	0
1860	2.16	5728.18	27.233	0
1865	2.16	5728.57	27.235	0
1870	2.17	5732.16	27.236	0
1875	2.16	5735.16	27.238	0
1880	2.17	5788.33	27.24	0
1885	2.24	5791.85	27.24	0
1890	2.21	5794.14	27.243	0
1895	2.23	5797.64	27.243	0
1900	2.23	5799.92	27.245	0
1905	2.22	5802.05	27.247	0
1910	2.23	5800.82	27.248	0
1915	2.22	5805.61	27.249	0
1920	2.28	5808.72	27.25	0
1925	2.28	5807.91	27.251	0
1930	2.27	5861.57	27.252	0
1935	2.28	5864.64	27.252	0
1940	2.28	5869.95	27.254	0
1945	2.28	5870.68	27.254	0
1950	2.28	5872.9	27.255	0
1955	2.29	5873.25	27.256	0
1960	2.28	5877.06	27.257	0
1965	2.29	5880.44	27.258	0
1970	2.34	5881.35	27.259	0
1975	2.34	5883.05	27.26	0
1980	2.34	5932.46	27.259	0
1985	2.35	5939.76	27.259	0
1990	2.34	5941.82	27.261	0
1995	2.34	5943.54	27.262	0
2000	2.42	5943.22	27.262	0
2005	2.41	5947.65	27.262	0
2010	2.4	5951.24	27.262	0
2015	2.4	5952.41	27.264	0
2020	2.4	5953.78	27.263	0
2025	2.4	5952.76	27.263	0
2030	2.4	5993.28	27.264	0
2035	2.44	6013.36	27.265	0
2040	2.46	6014.16	27.265	0
2045	2.45	6014.06	27.264	0
2050	2.45	6019	27.265	0
2055	2.45	6021.78	27.265	0
2060	2.45	6021.53	27.265	0
2065	2.46	6022.34	27.265	0
2070	2.51	6024.16	27.266	0
2075	2.51	6029.39	27.265	0
2080	2.51	6051.11	27.267	0
2085	2.51	6080.27	27.266	0
2090	2.52	6083.14	27.265	0
2095	2.52	6088.43	27.266	0
2100	2.53	6091.65	27.266	0
2105	2.52	6092.33	27.266	0
2110	2.52	6093.04	27.265	0
2115	2.52	6094.01	27.266	0
2120	2.57	6099.48	27.266	0
2125	2.58	6101.64	27.265	0
2130	2.58	6094.36	27.267	0
2135	2.58	6150.82	27.267	0
2140	2.58	6155.88	27.265	0
2145	2.58	6158.36	27.267	0
2150	2.57	6159.96	27.267	0
2155	2.63	6160.62	27.266	0
2160	2.62	6162.14	27.267	0
2165	2.63	6165.07	27.266	0
2170	2.63	6169.1	27.267	0
2175	2.64	6167.13	27.266	0
2180	2.64	6169.69	27.266	0
2185	2.64	6214.53	27.263	0
2190	2.69	6224.67	27.263	0
2195	2.69	NaN	27.261	0
2200	2.68	NaN	27.261	0
2205	2.69	NaN	27.262	0
2210	2.69	NaN	27.26	0
2215	2.69	NaN	27.259	0
2220	2.69	NaN	27.261	0
2225	2.74	NaN	27.263	0
2230	2.74	NaN	27.261	0
2235	2.74	NaN	27.263	0
2240	2.75	NaN	27.261	0
2245	2.74	NaN	27.261	0
2250	2.76	NaN	27.26	0
2255	2.76	NaN	27.26	0
2260	2.76	NaN	27.262	0
2265	2.76	6303.34	27.258	0
2270	2.76	6301.96	27.259	0
2275	2.76	6304.33	27.257	0
2280	2.81	6308.93	27.258	0
2285	2.81	6309.55	27.259	0
2290	2.82	6305.14	27.258	0
2295	2.81	6355.66	27.257	0
2300	2.81	6363.3	27.255	0
2305	2.82	6367.97	27.255	0
2310	2.82	6368.38	27.254	0
2315	2.88	6368.05	27.254	0
2320	2.88	6371.09	27.253	0
2325	2.88	6375.48	27.253	0
2330	2.86	6377.62	27.252	0
2335	2.87	6378.32	27.251	0
2340	2.87	6379.01	27.251	0
2345	2.86	6406.9	27.251	0
2350	2.92	6431.86	27.25	0
2355	2.92	6433.36	27.248	0
2360	2.93	6434.5	27.249	0
2365	2.93	6434.79	27.249	0
2370	2.93	6438.8	27.249	0
2375	2.93	6443.36	27.246	0
2380	2.94	6443.12	27.247	0
2385	2.98	6442.64	27.246	0
2390	2.98	6445.64	27.246	0
2395	2.98	6444.08	27.247	0
2400	2.98	6496.63	27.248	0
2405	2.99	6497.51	27.247	0
2410	3	6498.62	27.245	0
2415	3	6503.91	27.247	0
2420	3	6505.31	27.245	0
2425	3	6505.43	27.241	0
2430	2.99	6508.41	27.24	0
2435	2.99	6511.65	27.239	0
2440	3.05	6513.92	27.239	1
2445	3.05	6513.63	27.238	0
2450	3.05	6556.99	27.238	0
2455	3.05	6563.38	27.239	0
2460	3.05	6567.96	27.24	0
2465	3.05	6570.34	27.237	0
2470	3.05	6567.62	27.237	0
2475	3.12	6569.09	27.236	0
2480	3.11	6574.08	27.236	0
2485	3.11	6576.13	27.235	0
2490	3.11	6575.75	27.233	0
2495	3.1	6570.16	27.233	0
2500	3.1	6620.02	27.233	0
2505	3.11	6627.55	27.232	0
2510	3.16	6630.68	27.231	0
2515	3.16	6629.13	27.232	0
2520	3.17	6628.37	27.231	0
2525	3.17	6632.95	27.229	0
2530	3.17	6636.64	27.229	0
2535	3.16	6638.04	27.228	0
2540	3.16	6638.25	27.227	0
2545	3.22	6651.65	27.226	0
2550	3.22	6686.46	27.226	0
2555	3.22	6688.69	27.224	0
2560	3.23	6690.02	27.224	0
2565	3.23	6688.95	27.223	0
2570	3.23	6693.06	27.223	0
2575	3.23	6696.11	27.223	0
2580	3.23	6696.4	27.222	0
2585	3.24	6696.08	27.221	0
2590	3.23	6700.74	27.221	0
2595	3.23	6738.65	27.219	0
2600	3.3	6746.72	27.218	0
2605	3.29	6748.27	27.219	0
2610	3.29	6748.42	27.218	0
2615	3.28	6752.69	27.217	0
2620	3.29	6755.61	27.216	0
2625	3.28	6755.92	27.216	0
2630	3.28	6756.31	27.215	0
2635	3.36	6760.2	27.214	0
2640	3.36	6757.4	27.217	0
2645	3.35	6800.46	27.217	0
2650	3.35	6804.37	27.216	0
2655	3.35	6807.15	27.214	0
2660	3.35	6811.01	27.215	0
2665	3.35	6814.17	27.213	0
2670	3.4	6816.01	27.21	0
2675	3.4	6814.69	27.208	0
2680	3.4	6818.66	27.208	0
2685	3.41	6821.1	27.207	0
2690	3.41	6825.29	27.208	0
2695	3.41	6862.66	27.208	0
2700	3.41	6865.95	27.208	0
2705	3.46	6871.23	27.208	0
2710	3.46	6872.64	27.207	0
2715	3.46	6874.13	27.206	0
2720	3.46	6874.32	27.206	0
2725	3.47	6875.7	27.205	0
2730	3.49	6880.44	27.205	0
2735	3.49	6881.29	27.204	0
2740	3.5	6890.3	27.203	0
2745	3.49	6924.8	27.204	0
2750	3.49	6927.73	27.202	0
2755	3.5	6930.59	27.204	0
2760	3.49	6932.14	27.201	0
2765	3.5	6931.72	27.2	0
2770	3.57	6934.02	27.201	0
2775	3.56	6937.13	27.201	0
2780	3.55	6937.5	27.198	0
2785	3.55	6938.2	27.199	0
2790	3.55	6972	27.197	0
2795	3.56	6982.94	27.195	0
2800	3.56	6989.39	27.195	0
2805	3.62	6986.34	27.195	0
2810	3.6	6984.35	27.194	0
2815	3.61	6981.96	27.195	0
2820	3.61	6988.69	27.194	0
2825	3.6	6990.11	27.192	0
2830	3.61	6980.97	27.192	0
2835	3.6	7029.02	27.192	0
2840	3.65	7036.17	27.191	0
2845	3.67	7039.1	27.191	0
2850	3.65	7038.23	27.19	0
2855	3.65	7028.88	27.19	0
2860	3.65	7034.07	27.19	0
2865	3.65	7038.39	27.191	0
2870	3.65	7038.27	27.19	0
2875	3.72	7065.81	27.189	0
2880	3.7	7080.74	27.189	0
2885	3.7	7085.4	27.188	0
2890	3.71	7090.02	27.189	0
2895	3.71	7088.23	27.189	0
2900	3.7	7082.4	27.189	0
2905	3.71	7081.8	27.188	0
2910	3.71	7085.5	27.188	0
2915	3.72	7088.2	27.186	0
2920	3.74	7129.79	27.187	0
2925	3.76	7133.13	27.185	0
2930	3.76	7136.51	27.185	0
2935	3.76	7140.3	27.185	0
2940	3.76	7136.34	27.185	0
2945	3.76	7137.45	27.185	0
2950	3.75	7136.47	27.184	0
2955	3.82	7135.08	27.184	0
2960	3.82	7166.31	27.182	0
2965	3.82	7180.2	27.183	0
2970	3.83	7184.51	27.184	0
2975	3.82	7186.92	27.182	0
2980	3.83	7186.51	27.183	0
2985	3.83	7186.18	27.182	0
2990	3.89	7188.15	27.182	0
2995	3.89	7192.21	27.183	0
3000	3.88	7179.98	27.18	0
3005	3.9	7228.4	27.181	0
3010	3.89	7231.51	27.181	0
3015	3.88	7234	27.18	0
3020	3.89	7236.85	27.18	0
3025	3.93	7237.08	27.18	0
3030	3.94	7235.51	27.179	0
3035	3.94	7230.53	27.18	0
3040	3.93	7231.56	27.18	0
3045	3.93	7265.37	27.18	0
3050	3.95	7280.75	27.179	0
3055	3.95	7282.47	27.178	0
3060	3.95	7281.67	27.182	0
3065	3.95	7283.79	27.18	0
3070	3.96	7290.03	27.18	0
3075	3.95	7282.36	27.182	0
3080	3.95	7280.05	27.18	0
3085	4.01	7287.55	27.179	0
3090	4.01	7329.82	27.179	0
3095	4	7331.43	27.18	0
3100	4.01	7330.72	27.179	0
3105	4.02	7334.5	27.178	0
3110	4.01	7330.81	27.177	0
3115	4.01	7336.76	27.179	0
3120	4.07	7327.66	27.176	1
3125	4.07	7330.34	27.175	0
3130	4.06	7355.43	27.177	0
3135	4.07	7379.66	27.177	0
3140	4.07	7378.63	27.176	0
3145	4.07	NaN	27.175	0
3150	4.06	NaN	27.176	0
3155	4.13	NaN	27.176	0
3160	4.13	NaN	27.178	0
3165	4.12	NaN	27.178	0
3170	4.12	NaN	27.178	0
3175	4.12	NaN	27.176	0
3180	4.12	NaN	27.177	0
3185	4.12	NaN	27.177	0
3190	4.17	NaN	27.176	0
3195	4.18	NaN	27.177	0
3200	4.18	NaN	27.176	0
3205	4.17	NaN	27.177	0
3210	4.17	NaN	27.177	0
3215	4.17	7423.82	27.176	0
3220	4.18	7444.5	27.175	0
3225	4.18	7474.07	27.175	0
3230	4.18	7476.67	27.176	0
3235	4.23	7477.2	27.176	0
3240	4.22	7471.06	27.176	0
3245	4.22	7472.45	27.174	0
3250	4.22	7482.11	27.175	0
3255	4.23	7478.38	27.173	0
3260	4.23	7475.11	27.174	0
3265	4.24	7514.48	27.175	0
3270	4.29	7523.02	27.174	0
3275	4.28	7525.94	27.174	0
3280	4.28	7526.95	27.173	0
3285	4.28	7519.92	27.17	0
3290	4.28	7521.51	27.17	0
3295	4.29	7529.09	27.17	0
3300	4.29	7527.37	27.17	0
3305	4.3	7535.54	27.169	0
3310	4.35	7567.89	27.169	0
3315	4.34	7570.33	27.172	0
3320	4.34	7573.54	27.171	0
3325	4.34	7566.23	27.174	0
3330	4.34	7564.03	27.172	0
3335	4.34	7568.31	27.171	0
3340	4.34	7574.06	27.172	0
3345	4.39	7572.57	27.173	0
3350	4.4	7610.27	27.171	0
3355	4.39	7614.64	27.171	0
3360	4.39	7619.69	27.172	0
3365	4.39	7621.67	27.169	0
3370	4.39	7618.17	27.17	0
3375	4.39	7617.92	27.168	0
3380	4.39	7621.43	27.167	0
3385	4.4	7619.74	27.168	0
3390	4.45	7617.37	27.168	0
3395	4.45	7657.51	27.168	0
3400	4.45	7661.63	27.166	0
3405	4.45	7668.07	27.166	0
3410	4.45	7662.03	27.166	0
3415	4.45	7659.36	27.167	0
3420	4.46	7662.68	27.166	0
3425	4.51	7668.69	27.166	0
3430	4.51	7671.82	27.166	0
3435	4.51	7703.52	27.166	0
3440	4.5	7707.33	27.165	0
3445	4.5	7710.81	27.165	0
3450	4.52	7714.63	27.166	0
3455	4.51	7712.3	27.165	0
3460	4.52	7702.56	27.164	0
3465	4.56	7709.85	27.164	0
3470	4.56	7716.48	27.164	0
3475	4.56	7731.35	27.165	0
3480	4.56	7750.51	27.164	0
3485	4.56	7752.75	27.164	0
3490	4.57	7754.9	27.164	0
3495	4.63	7749.74	27.164	0
3500	4.62	7752.51	27.164	0
3505	4.62	7749.26	27.162	0
3510	4.62	7750.17	27.164	0
3515	4.61	7754.68	27.162	0
3520	4.62	7797.68	27.163	0
3525	4.62	7799.78	27.164	0
3530	4.62	7800.98	27.162	0
3535	4.62	7802.76	27.163	0
3540	4.67	7798.62	27.163	0
3545	4.66	7797.51	27.163	0
3550	4.67	7797.15	27.162	0
3555	4.67	7796.4	27.162	0
3560	4.67	7804.17	27.162	0
3565	4.67	7843.49	27.163	0
3570	4.67	7846.16	27.162	0
3575	4.74	7847.64	27.162	0
3580	4.73	7844.3	27.162	0
3585	4.74	7844.41	27.161	0
3590	4.73	7847.74	27.162	0
3595	4.72	7849.32	27.161	0
3600	4.73	7850.31	27.16	0
3605	4.73	7882.74	27.161	0
3610	4.77	7889.55	27.16	0
3615	4.77	7891.08	27.161	0
3620	4.77	7890.5	27.16	0
3625	4.77	7890.98	27.159	0
3630	4.77	7890.39	27.16	0
3635	4.77	7886.9	27.159	0
3640	4.77	7889.65	27.159	0
3645	4.77	7899.23	27.158	0
3650	4.77	7934.33	27.156	0
3655	4.83	7936.76	27.157	0
3660	4.83	7936.34	27.158	0
3665	4.83	7931.54	27.157	0
3670	4.83	7933.04	27.156	0
3675	4.83	7934.63	27.157	0
3680	4.83	7931.42	27.157	0
3685	4.83	7930.46	27.156	0
3690	4.88	7971.22	27.156	0
3695	4.89	7977.88	27.156	0
3700	4.89	7982.31	27.156	0
3705	4.89	7978.75	27.156	0
3710	4.89	7980.24	27.154	0
3715	4.89	7975.07	27.156	0
3720	4.88	7980.34	27.155	0
3725	4.94	7984.78	27.154	0
3730	4.93	8001.92	27.154	0
3735	4.94	8017.68	27.155	0
3740	4.94	8023.97	27.155	0
3745	4.94	8026.64	27.154	0
3750	4.94	8016.39	27.154	0
3755	4.94	8023.87	27.153	0
3760	NaN	8018.69	27.154	0
3765	5	8028.41	27.154	0
3770	4.99	8018.52	27.153	0
3775	5	8060.02	27.154	0
3780	5.01	8061.42	27.152	0
3785	5	8067.89	27.154	0
3790	4.99	8042.64	27.155	0
3795	4.99	8060.96	27.152	0
3800	5	8050.61	27.154	0
3805	5.05	8066.9	27.156	0
3810	5.04	8080.75	27.155	0
3815	5.04	8069.55	27.156	0
3820	5.05	8065.51	27.155	0
3825	5.05	8083.24	27.154	0
3830	5.04	8101.36	27.154	0
3835	5.04	8100.91	27.155	0
3840	5.1	8087	27.154	1
3845	5.13	8110.05	27.152	0
3850	5.13	8110.83	27.151	0
3855	5.13	8123.85	27.151	0
3860	5.13	8109.12	27.15	0
3865	5.12	8127.42	27.149	0
3870	5.12	8141	27.15	0
3875	5.13	8129.36	27.149	0
3880	5.17	8142.64	27.15	0
3885	5.17	8142.89	27.149	0
3890	5.17	8156.74	27.149	0
3895	5.17	8145.02	27.148	0
3900	5.17	8167.82	27.15	0
3905	5.17	8177.13	27.15	0
3910	5.17	8178.52	27.15	0
3915	5.22	8180.1	27.148	0
3920	5.22	8178.68	27.149	0
3925	5.23	8177.46	27.148	0
3930	5.23	8181.77	27.149	0
3935	5.23	8192.81	27.148	0
3940	5.24	8213.45	27.148	0
3945	5.23	8210.64	27.147	0
3950	5.23	8207.64	27.147	0
3955	5.23	8203.88	27.146	0
3960	5.23	8220.3	27.147	0
3965	5.28	8230.65	27.146	0
3970	5.28	8234.09	27.147	0
3975	5.29	8232.26	27.146	0
3980	5.3	8233.74	27.146	0
3985	5.3	8239.33	27.145	0
3990	5.29	8245.29	27.145	0
3995	5.29	8250.31	27.145	0
4000	5.34	8259.13	27.147	0
4005	5.34	8262.77	27.145	0
4010	5.34	8273.25	27.145	0
4015	5.34	8277.97	27.144	0
4020	5.35	8287.47	27.145	0
4025	5.34	8293.66	27.146	0
4030	5.34	8297.66	27.144	0
4035	NaN	8302.81	27.143	0
4040	5.39	8311.39	27.143	0
4045	5.4	8299.71	27.142	0
4050	5.4	8308.52	27.142	0
4055	5.4	8314.32	27.143	0
4060	5.39	8333.01	27.142	0
4065	5.4	8320.17	27.144	0
4070	5.4	8318.49	27.144	0
4075	5.4	8340.94	27.141	0
4080	5.46	8352.19	27.142	0
4085	5.45	8342.13	27.142	0
4090	5.45	8338.49	27.142	0
4095	5.45	NaN	27.142	0
4100	5.45	NaN	27.14	0
4105	5.45	NaN	27.141	0
4110	5.46	NaN	27.142	0
4115	5.46	NaN	27.142	0
4120	5.51	NaN	27.142	0
4125	5.5	NaN	27.141	0
4130	5.5	NaN	27.141	0
4135	5.51	NaN	27.141	0
4140	5.51	NaN	27.141	0
4145	5.53	NaN	27.14	0
4150	5.51	NaN	27.14	0
4155	5.52	NaN	27.14	0
4160	5.56	NaN	27.14	0
4165	5.57	8428.87	27.139	0
4170	5.57	8424.75	27.14	0
4175	5.57	8418.36	27.14	0
4180	5.56	8441.3	27.139	0
4185	5.56	8423.04	27.139	0
4190	5.57	8442.08	27.139	0
4195	5.61	8461.3	27.138	0
4200	5.62	8460.71	27.139	0
4205	5.62	8464.25	27.139	0
4210	5.63	8463.33	27.138	0
4215	5.62	8458.74	27.139	0
4220	5.63	8467.61	27.137	0
4225	5.64	8477.2	27.137	0
4230	5.62	8480.41	27.137	0
4235	5.62	8486.42	27.137	0
4240	5.68	8485.08	27.137	0
4245	5.68	8483.05	27.137	0
4250	5.69	8482.74	27.138	0
4255	5.68	8503.73	27.136	0
4260	5.68	8522.31	27.136	0
4265	5.69	8511.98	27.136	0
4270	5.68	8502.51	27.136	0
4275	5.73	8526.53	27.137	0
4280	5.74	8524.8	27.135	0
4285	5.73	8531.01	27.136	0
4290	5.72	8548.33	27.135	0
4295	5.72	8526.18	27.136	0
4300	5.74	8532.89	27.134	0
4305	5.74	8541.02	27.135	0
4310	5.74	8547.53	27.135	0
4315	5.81	8557.79	27.135	0
4320	5.79	8561.49	27.133	0
4325	5.79	8566.11	27.133	0
4330	5.79	8575.4	27.134	0
4335	5.78	8589.52	27.134	0
4340	5.79	8576.75	27.134	0
4345	5.78	8594.01	27.134	0
4350	5.78	8583.12	27.135	0
4355	5.79	8610.31	27.134	0
4360	5.84	8589.04	27.135	0
4365	5.84	8607.29	27.134	0
4370	5.83	8618.58	27.134	0
4375	5.84	8604.41	27.134	0
4380	5.84	8623.22	27.134	0
4385	5.83	8621.74	27.134	0
4390	5.83	8619.84	27.134	0
4395	5.89	8642.37	27.134	0
4400	5.89	8647.48	27.135	0
4405	5.9	8633.63	27.136	0
4410	5.91	8637.05	27.135	0
4415	5.9	8651.32	27.134	0
4420	5.9	8664.48	27.133	0
4425	5.9	8671.2	27.133	0
4430	5.9	8654.67	27.133	0
4435	5.95	8676.32	27.133	0
4440	5.95	8670.84	27.132	0
4445	5.95	8691.23	27.133	0
4450	5.95	8680.29	27.132	0
4455	5.95	8678.42	27.132	0
4460	5.96	8689.06	27.134	0
4465	5.95	8704.86	27.133	0
4470	6.01	8713.41	27.132	0
4475	6.02	8708.3	27.134	0
4480	6.01	8707.01	27.132	0
4485	6.01	8728.41	27.133	0
4490	6.01	8711.94	27.133	0
4495	6.02	8728.4	27.133	0
4500	6.01	8734.67	27.13	0
4505	6.01	8724.32	27.132	0
4510	6.01	8754.54	27.132	0
4515	6.02	8731.93	27.132	0
4520	6.02	8753	27.133	0
4525	6.07	8766.1	27.132	0
4530	6.06	8765.47	27.131	0
4535	6.07	8755.14	27.131	0
4540	6.07	8757.7	27.131	0
4545	6.07	8781.68	27.132	0
4550	6.07	8767.09	27.13	0
4555	6.06	8787.34	27.132	0
4560	6.12	8789.51	27.131	1
4565	6.13	8774.91	27.133	0
4570	6.13	8791.43	27.132	0
4575	6.13	8809.84	27.131	0
4580	6.13	8803.49	27.131	0
4585	6.13	8795.84	27.132	0
4590	6.13	8819.02	27.131	0
4595	6.13	8829.79	27.131	0
4600	6.18	8833.48	27.13	0
4605	6.18	8835.23	27.13	0
4610	6.18	8838.67	27.13	0
4615	6.19	8846.8	27.131	0
4620	6.19	8852.57	27.133	0
4625	6.18	8855.21	27.134	0
4630	6.19	8856.25	27.132	0
4635	6.22	8848.29	27.132	0
4640	6.22	8846.94	27.132	0
4645	6.22	8877.1	27.132	0
4650	6.22	8869.27	27.132	0
4655	6.22	8859.68	27.132	0
4660	6.22	8861.34	27.131	0
4665	6.21	8888.51	27.131	0
4670	6.27	8883.95	27.133	0
4675	6.27	8882.5	27.129	0
4680	6.27	8890.29	27.132	0
4685	6.27	8912.23	27.128	0
4690	6.27	8908.8	27.127	0
4695	6.27	8892.1	27.129	0
4700	6.27	8910.8	27.128	0
4705	6.28	8928.47	27.126	0
4710	6.33	8914.71	27.125	0
4715	6.33	8918.46	27.126	0
4720	6.33	8937.51	27.127	0
4725	6.32	8926.21	27.127	0
4730	6.33	8933.88	27.124	0
4735	6.33	8945.58	27.125	0
4740	6.33	8944.43	27.125	0
4745	6.34	8942.95	27.125	0
4750	6.38	8943.82	27.125	0
4755	6.39	8958.19	27.124	0
4760	6.39	8966.99	27.125	0
4765	6.39	8973.61	27.125	0
4770	6.39	8981.34	27.127	0
4775	6.39	8990.19	27.127	0
4780	6.39	8992.6	27.126	0
4785	6.42	8991.97	27.126	0
4790	6.43	8989.14	27.127	0
4795	6.44	8988.34	27.126	0
4800	6.44	8991.75	27.126	0
4805	6.44	8993.5	27.126	0
4810	6.44	8995.88	27.125	0
4815	6.44	9006.74	27.125	0
4820	6.44	9012.92	27.125	0
4825	6.44	9015.74	27.124	0
4830	6.51	9013.66	27.124	0
4835	6.5	9015.02	27.123	0
4840	6.49	9042.18	27.123	0
4845	6.5	9045.67	27.123	0
4850	6.49	9028.43	27.123	0
4855	6.49	9032.83	27.123	0
4860	6.5	9055.58	27.122	0
4865	6.5	9058.4	27.122	0
4870	6.55	9051.89	27.121	0
4875	6.55	9064.2	27.121	0
4880	6.55	9079.47	27.122	0
4885	6.55	9085.32	27.12	0
4890	6.55	9086.73	27.12	0
4895	6.55	9079.84	27.12	0
4900	6.55	9077.69	27.119	0
4905	6.61	9083.21	27.119	0
4910	6.61	9094.4	27.119	0
4915	6.61	9092.09	27.119	0
4920	6.61	9100.85	27.12	0
4925	6.61	9119.69	27.119	0
4930	6.6	9116.29	27.118	0
4935	6.6	9110.56	27.119	0
4940	6.66	9106.34	27.118	0
4945	6.66	9131.73	27.118	0
4950	6.66	9133.74	27.118	0
4955	6.67	9119.94	27.117	0
4960	6.67	9137.62	27.117	0
4965	6.67	9150.9	27.117	0
4970	6.67	9132.08	27.117	0
4975	6.67	9146.75	27.119	0
4980	6.66	9169.58	27.118	0
4985	6.67	9168.43	27.12	0
4990	6.67	9168.68	27.118	0
4995	6.72	9169.71	27.118	0
5000	6.72	9176.05	27.119	0
5005	6.72	9185.96	27.117	0
5010	6.72	9193.08	27.117	0
5015	6.72	9186.8	27.114	0
5020	6.72	9175.5	27.114	0
5025	6.72	9205.05	27.113	0
5030	6.72	9182.27	27.113	0
5035	6.78	9204.02	27.112	0
5040	6.77	9197.26	27.113	0
5045	6.77	NaN	27.112	0
5050	6.77	NaN	27.113	0
5055	6.78	NaN	27.115	0
5060	6.78	NaN	27.115	0
5065	6.78	NaN	27.114	0
5070	6.84	NaN	27.114	0
5075	6.84	NaN	27.114	0
5080	6.84	NaN	27.113	0
5085	6.84	NaN	27.113	0
5090	6.84	NaN	27.114	0
5095	6.84	NaN	27.112	0
5100	6.83	NaN	27.113	0
5105	6.84	NaN	27.112	0
5110	6.88	NaN	27.112	0
5115	6.88	9257.48	27.112	0
5120	6.88	9260.19	27.113	0
5125	6.89	9270.23	27.111	0
5130	6.89	9282.9	27.112	0
5135	6.89	9278.77	27.111	0
5140	6.89	9281.36	27.11	0
5145	6.88	9297.05	27.111	0
5150	6.88	9293.98	27.11	0
5155	6.94	9285.38	27.11	0
5160	6.94	9300.48	27.111	0
5165	6.94	9316.56	27.11	0
5170	6.94	9314.24	27.11	0
5175	6.94	9312.65	27.11	0
5180	6.94	9311.39	27.108	0
5185	6.94	9314.66	27.109	0
5190	6.94	9311.8	27.107	0
5195	7	9316.03	27.108	0
5200	7	9323.58	27.105	0
5205	7	9333.72	27.107	0
5210	7	9335.43	27.106	0
5215	7	9339.03	27.106	0
5220	6.99	9340.54	27.106	0
5225	7	9345.41	27.106	0
5230	7.06	9348.48	27.105	0
5235	7.05	9352.16	27.105	0
5240	7.05	9358.92	27.106	0
5245	7.05	9369.34	27.106	0
5250	7.05	9377.55	27.104	0
5255	7.05	9385.94	27.107	0
5260	7.06	9389.92	27.108	0
5265	7.05	9380.99	27.109	0
5270	7.1	9378.43	27.111	0
5275	7.1	9393.69	27.108	0
5280	7.1	9405.24	27.109	0
5285	7.1	9410.67	27.109	0
5290	7.1	9418.61	27.11	0
5295	7.09	9425.03	27.109	0
5300	7.09	9424.61	27.109	0
5305	7.09	9420.29	27.109	0
5310	7.15	9410.67	27.108	1
5315	7.16	9416.83	27.106	0
5320	7.15	9422.31	27.108	0
5325	7.15	9424.03	27.108	0
5330	7.15	9425.49	27.11	0
5335	7.15	9428.83	27.109	0
5340	7.15	9435.13	27.108	0
5345	7.15	9439.14	27.108	0
5350	7.2	9443.35	27.109	0
5355	7.21	9446.61	27.108	0
5360	7.21	9464.06	27.108	0
5365	7.21	9479.7	27.107	0
5370	7.21	9480.24	27.108	0
5375	7.21	9482.55	27.107	0
5380	7.21	9480.45	27.107	0
5385	7.26	9476.28	27.107	0
5390	7.26	9476.83	27.107	0
5395	7.26	9499.52	27.109	0
5400	7.26	9503.28	27.109	0
5405	7.27	9501.35	27.109	0
5410	7.26	9496.12	27.108	0
5415	7.26	9505.88	27.11	0
5420	7.26	9515.12	27.111	0
5425	7.31	9523.09	27.111	0
5430	7.3	9532.92	27.112	0
5435	7.31	9534.88	27.111	0
5440	7.31	9535.13	27.112	0
5445	7.31	9538.06	27.112	0
5450	7.31	9545.31	27.112	0
5455	7.31	9547.21	27.114	0
5460	7.31	9540.37	27.114	0
5465	7.32	9532.61	27.114	0
5470	7.37	9542.17	27.115	0
5475	7.37	9550.48	27.115	0
5480	7.37	9553.7	27.115	0
5485	7.37	9558.99	27.115	0
5490	7.36	9564.71	27.114	0
5495	7.37	9577.71	27.117	0
5500	7.37	9581.78	27.116	0
5505	7.42	9587.53	27.116	0
5510	7.42	9591.08	27.119	0
5515	7.42	9575.68	27.119	0
5520	7.43	9595.4	27.117	0
5525	7.43	9594.38	27.118	0
5530	7.43	9610.8	27.119	0
5535	7.43	9600.78	27.119	0
5540	7.43	9599.39	27.119	0
5545	7.48	9600.21	27.119	0
5550	7.48	9601	27.119	0
5555	7.48	9616.11	27.12	0
5560	7.49	9635.66	27.119	0
5565	7.49	9624.53	27.119	0
5570	7.48	9625.17	27.119	0
5575	7.48	9641.21	27.12	0
5580	7.51	9637.2	27.12	0
5585	7.51	9631.23	27.12	0
5590	7.51	9650.65	27.12	0
5595	7.51	9661.56	27.118	0
5600	7.51	9661.59	27.119	0
5605	7.51	9665.59	27.12	0
5610	7.51	9669.31	27.119	0
5615	7.52	9668.94	27.121	0
5620	7.57	9661.37	27.122	0
5625	7.57	9658.3	27.122	0
5630	7.57	9675.53	27.124	0
5635	7.57	9702.19	27.124	0
5640	7.57	9669.83	27.127	0
5645	7.57	9700.89	27.127	0
5650	7.57	9683.67	27.129	0
5655	7.58	9705.49	27.131	0
5660	7.62	9700.49	27.132	0
5665	7.63	9717.56	27.136	0
5670	7.62	9712.64	27.139	0
5675	7.63	9714.97	27.141	0
5680	7.63	9725.22	27.142	0
5685	7.63	9731.69	27.145	0
5690	7.63	9717.21	27.148	0
5695	7.68	9725.61	27.151	0
5700	7.68	9744.72	27.153	0
5705	7.68	9743.23	27.158	0
5710	7.68	9733.7	27.162	0
5715	7.68	9745.23	27.166	0
5720	7.68	9749.06	27.169	0
5725	7.68	9753.26	27.176	0
5730	7.69	9752.94	27.181	0
5735	7.72	9763.17	27.188	0
5740	7.72	9779.67	27.194	0
5745	7.73	9771.85	27.201	0
5750	7.73	9771.22	27.209	0
5755	7.73	9784.68	27.217	0
5760	7.73	9783.34	27.224	0
5765	7.73	9781.1	27.234	0
5770	7.73	9788.68	27.241	0
5775	7.78	9802.23	27.248	0
5780	7.79	9811.6	27.258	0
5785	7.79	9814.42	27.268	0
5790	7.79	9807.1	27.275	0
5795	7.79	9801.21	27.283	0
5800	7.79	9809.69	27.29	0
5805	7.78	9815.39	27.298	0
5810	7.78	9826.53	27.305	0
5815	7.84	9832.12	27.313	0
5820	7.84	9839.44	27.319	0
5825	7.85	9845.39	27.329	0
5830	7.84	9858	27.336	0
5835	7.84	9856.73	27.344	0
5840	7.84	9848.82	27.352	0
5845	7.84	9856.64	27.359	0
5850	7.89	9877.61	27.366	0
5855	7.9	9866.39	27.374	0
5860	7.9	9882.36	27.381	0
5865	7.9	9867.73	27.387	0
5870	7.9	9891.73	27.39	0
5875	7.9	9893.34	27.4	0
5880	7.9	9887.9	27.401	0
5885	7.9	9897.43	27.408	0
5890	7.95	9907.26	27.415	0
5895	7.95	9893.83	27.419	0
5900	7.95	9910.55	27.426	0
5905	7.95	9922.69	27.432	0
5910	7.95	9933.09	27.436	0
5915	7.95	9913.13	27.441	0
5920	7.96	9916.97	27.447	0
5925	7.96	9931.87	27.452	0
5930	7.96	9940.71	27.457	0
5935	7.95	9951.81	27.461	0
5940	8.01	9953.79	27.467	0
5945	8.01	9940.82	27.472	0
5950	8.01	9957.27	27.477	0
5955	8.01	9953.13	27.482	0
5960	8.01	9975.48	27.486	0
5965	8.01	9975.08	27.491	0
5970	8.01	9968.92	27.494	0
5975	8.01	9961.39	27.499	0
5980	8.07	9983	27.503	0
5985	8.07	9990.75	27.506	0
5990	8.07	9992.85	27.51	0
5995	8.06	NaN	27.513	0
6000	8.06	NaN	27.516	0
6005	8.05	NaN	27.52	0
6010	8.06	NaN	27.523	0
6015	8.14	NaN	27.526	0
6020	8.13	NaN	27.529	0
6025	8.13	NaN	27.532	0
6030	8.12	NaN	27.536	0
6035	8.12	NaN	27.538	0
6040	8.12	NaN	27.541	0
6045	8.13	NaN	27.544	0
6050	8.12	NaN	27.546	0
6055	8.17	NaN	27.549	1
6060	8.17	NaN	27.551	0
6065	8.17	10052.9	27.551	0
6070	8.17	10037.75	27.552	0
6075	8.17	10060.36	27.556	0
6080	8.17	10074.68	27.557	0
6085	8.17	10076.22	27.558	0
6090	8.16	10077.01	27.56	0
6095	8.16	10075.28	27.564	0
6100	8.22	10079.83	27.565	0
6105	8.22	10093.41	27.567	0
6110	8.22	10093.98	27.57	0
6115	8.22	10098.13	27.572	0
6120	8.22	10091.93	27.573	0
6125	8.22	10084.54	27.575	0
6130	8.22	10106.13	27.576	0
6135	NaN	10085.96	27.577	0
6140	8.28	10110.91	27.578	0
6145	8.28	10122.46	27.58	0
6150	8.28	10126.36	27.581	0
6155	8.28	10116.11	27.582	0
6160	8.28	10106.13	27.583	0
6165	8.28	10135.72	27.586	0
6170	8.28	10115.62	27.587	0
6175	8.33	10147.76	27.588	0
6180	8.33	10120.39	27.589	0
6185	8.33	10152.88	27.59	0
6190	8.33	10146.83	27.591	0
6195	8.33	10145.88	27.594	0
6200	8.33	10153.12	27.595	0
6205	8.35	10163.43	27.595	0
6210	8.35	10150.86	27.596	0
6215	8.35	10153.04	27.597	0
6220	8.35	10173.05	27.598	0
6225	8.35	10176.42	27.598	0
6230	8.36	10182.15	27.601	0
6235	8.36	10178.31	27.601	0
6240	8.42	10169.94	27.604	0
6245	8.41	10195.55	27.604	0
6250	8.41	10197.03	27.605	0
6255	8.41	10176.72	27.606	0
6260	8.41	10207.99	27.605	0
6265	8.41	10190.49	27.607	0
6270	8.41	10211.89	27.608	0
6275	8.42	10196.8	27.608	0
6280	8.48	10215.9	27.607	0
6285	8.47	10213.37	27.607	0
6290	8.47	10216.09	27.607	0
6295	8.47	10228.52	27.606	0
6300	8.47	10216.32	27.607	0
6305	8.48	10217.97	27.605	0
6310	8.48	10238.13	27.605	0
6315	8.48	10245.99	27.603	0
6320	8.51	10225.81	27.602	0
6325	8.51	10247.17	27.601	0
6330	8.52	10261.75	27.599	0
6335	8.51	10244.82	27.597	0
6340	8.52	10234.62	27.596	0
6345	8.52	10252.12	27.594	0
6350	8.52	10276.33	27.593	0
6355	NaN	10262.76	27.59	0
6360	8.57	10259.41	27.588	0
6365	8.58	10281.46	27.586	0
6370	8.58	10279.83	27.585	0
6375	8.58	10268.88	27.582	0
6380	8.58	10298.59	27.577	0
6385	8.58	10269.23	27.575	0
6390	8.58	10300.25	27.572	0
6395	8.64	10274.88	27.57	0
6400	8.64	10310.81	27.569	0
6405	8.64	10289.59	27.566	0
6410	8.64	10288.73	27.566	0
6415	8.64	10310.92	27.56	0
6420	8.64	10314.96	27.563	0
6425	8.64	10303.68	27.562	0
6430	8.64	10307.8	27.558	0
6435	8.68	10332.2	27.557	0
6440	8.69	10321.24	27.554	0
6445	8.69	10313.41	27.552	0
6450	8.69	10341.12	27.548	0
6455	8.69	10321.18	27.543	0
6460	8.69	10346.6	27.542	0
6465	8.69	10332.43	27.539	0
6470	8.69	10350.99	27.536	0
6475	8.69	10330.27	27.535	0
6480	8.75	10359.46	27.532	0
6485	8.74	10368.88	27.53	0
6490	8.75	10348.36	27.528	0
6495	8.75	10358.72	27.525	0
6500	8.74	10359.61	27.524	0
6505	8.74	10362.94	27.52	0
6510	8.74	10384.52	27.519	0
6515	8.74	10371.59	27.516	0
6520	8.8	10359.41	27.514	0
6525	8.8	10371.07	27.513	0
6530	8.8	10396.22	27.51	0
6535	8.8	10403.95	27.507	0
6540	8.8	10390.28	27.505	0
6545	8.8	10380.57	27.504	0
6550	8.8	10387.6	27.501	0
6555	8.8	10412.31	27.5	0
6560	8.86	10410.48	27.495	0
6565	8.85	10388.97	27.492	0
6570	8.85	10400.46	27.488	0
6575	8.85	10415.28	27.487	0
6580	8.86	10427.38	27.485	0
6585	8.86	10426.55	27.483	0
6590	8.87	10407.96	27.483	0
6595	8.89	10436.75	27.482	0
6600	8.89	10435.17	27.481	0
6605	8.89	10417.48	27.476	0
6610	8.89	10449.13	27.475	0
6615	8.89	10430.13	27.473	0
6620	8.88	10454.52	27.468	0
6625	8.88	10434.75	27.464	0
6630	8.93	10437.65	27.462	0
6635	8.94	10439.39	27.46	0
6640	8.94	10445.4	27.458	0
6645	8.95	10446.61	27.456	0
6650	8.95	10449.92	27.452	0
6655	8.95	10467.6	27.45	0
6660	8.95	10481.53	27.448	0
6665	8.95	10478.36	27.446	0
6670	9.01	10465.82	27.444	0
6675	9.01	10463.19	27.443	0
6680	9.01	10468	27.441	0
6685	9.01	10483.01	27.439	0
6690	9	10493.71	27.436	0
6695	9	10499.1	27.434	0
6700	9	NaN	27.431	0
6705	9.01	NaN	27.43	0
6710	9.05	NaN	27.427	0
6715	9.06	NaN	27.425	0
6720	9.06	NaN	27.422	0
6725	9.06	NaN	27.421	0
6730	9.07	NaN	27.418	0
6735	9.06	NaN	27.416	0
6740	9.05	NaN	27.414	0
6745	NaN	10512.34	27.411	0
6750	9.11	10533.92	27.411	0
6755	9.11	10524.26	27.406	0
6760	9.12	10533.96	27.404	0
6765	9.12	10519.82	27.402	0
6770	9.11	10526.1	27.401	0
6775	9.11	10533.44	27.398	0
6780	9.11	10539.47	27.396	0
6785	9.11	10542.51	27.393	0
6790	9.17	10555.01	27.392	1
6795	9.15	10564.15	27.389	0
6800	9.15	10544.12	27.388	0
6805	9.16	10572.98	27.385	0
6810	9.15	10568.31	27.381	0
6815	9.15	10574.53	27.379	0
6820	9.15	10568.93	27.376	0
6825	9.16	10561.09	27.375	0
6830	9.21	10565.64	27.372	0
6835	9.21	10577.07	27.369	0
6840	9.21	10583.28	27.367	0
6845	9.22	10581.85	27.366	0
6850	9.21	10589	27.363	0
6855	9.21	10587.5	27.361	0
6860	9.21	10578.71	27.359	0
6865	9.21	10593.11	27.357	0
6870	9.22	10617.24	27.355	0
6875	9.21	10590.95	27.352	0
6880	9.26	10620.79	27.351	0
6885	9.26	10592.01	27.348	0
6890	9.27	10626.95	27.346	0
6895	9.27	10609.17	27.343	0
6900	9.27	10621.85	27.341	0
6905	9.27	10632.58	27.338	0
6910	9.27	10626.06	27.335	0
6915	9.27	10622.41	27.334	0
6920	9.33	10621.77	27.33	0
6925	9.33	10646.3	27.329	0
6930	9.33	10635.97	27.327	0
6935	9.33	10627.14	27.325	0
6940	9.33	10654.99	27.323	0
6945	9.33	10649.83	27.321	0
6950	9.33	10640.09	27.318	0
6955	9.33	10654.74	27.316	0
6960	9.38	10664.2	27.315	0
6965	9.39	10644.38	27.312	0
6970	9.39	10661.86	27.309	0
6975	9.38	10680.91	27.306	0
6980	9.38	10674.1	27.305	0
6985	9.39	10660.09	27.302	0
6990	9.39	10681.2	27.3	0
6995	9.38	10672.32	27.299	0
7000	9.38	10683.59	27.296	0
7005	9.44	10699.92	27.294	0
7010	9.44	10675.11	27.292	0
7015	9.44	10700.53	27.289	0
7020	9.44	10705.06	27.286	0
7025	9.44	10690.85	27.285	0
7030	9.44	10689.19	27.282	0
7035	9.44	10702.17	27.28	0
7040	9.44	10706.05	27.279	0
7045	9.5	10715.88	27.275	0
7050	9.5	10718.42	27.273	0
7055	9.5	10720.39	27.272	0
7060	9.49	10721.62	27.267	0
7065	9.49	10723.14	27.269	0
7070	9.49	10731.62	27.264	0
7075	9.5	10745.98	27.264	0
7080	9.49	10728.12	27.263	0
7085	9.5	10736.74	27.26	0
7090	9.56	10727.54	27.259	0
7095	9.56	10740.07	27.255	0
7100	9.55	10737.37	27.253	0
7105	9.55	10755.57	27.251	0
7110	9.55	10760.39	27.249	0
7115	9.56	10768.1	27.247	0
7120	9.55	10770.9	27.244	0
7125	9.56	10774.07	27.241	0
7130	9.61	10777.15	27.235	0
7135	9.61	10772.3	27.234	0
7140	9.61	10755.14	27.232	0
7145	9.6	10772.69	27.229	0
7150	9.61	10789.27	27.227	0
7155	9.61	10774.54	27.225	0
7160	9.61	10782.19	27.222	0
7165	9.6	10800.26	27.221	0
7170	9.61	10774.72	27.218	0
7175	9.66	10805.69	27.218	0
7180	9.66	10792.08	27.214	0
7185	9.66	10792.63	27.213	0
7190	9.67	10802.17	27.211	0
7195	9.67	10810.32	27.209	0
7200	9.66	10817.86	27.208	0
7205	9.66	10827.64	27.205	0
7210	9.66	10822.6	27.202	0
7215	9.71	10806.75	27.201	0
7220	9.71	10805.34	27.199	0
7225	9.71	10819.23	27.197	0
7230	9.71	10846.78	27.194	0
7235	9.71	10823.59	27.192	0
7240	9.71	10831.37	27.19	0
7245	9.72	10832.62	27.187	0
7250	9.77	10855.25	27.186	0
7255	9.77	10845.83	27.181	0
7260	9.77	10834.87	27.18	0
7265	9.77	10837.88	27.178	0
7270	9.77	10863.21	27.175	0
7275	9.77	10855.63	27.171	0
7280	9.77	10863.59	27.17	0
7285	9.77	10850.64	27.169	0
7290	9.77	10850.32	27.167	0
7295	9.83	10857.9	27.164	0
7300	9.83	10859.78	27.162	0
7305	9.83	10872.51	27.16	0
7310	9.83	10867.25	27.157	0
7315	9.83	10883.21	27.154	0
7320	9.83	10897.94	27.152	0
7325	9.83	10869.56	27.15	0
7330	9.83	10899.1	27.148	0
7335	9.88	NaN	27.146	0
7340	9.88	NaN	27.143	0
7345	9.88	NaN	27.141	0
7350	9.88	NaN	27.139	0
7355	9.88	NaN	27.137	0
7360	9.89	NaN	27.134	0
7365	9.88	NaN	27.136	0
7370	9.88	NaN	27.134	0
7375	9.88	NaN	27.132	0
7380	9.94	10914.55	27.129	0
7385	9.94	10931.21	27.127	0
7390	9.93	10911.28	27.125	0
7395	9.94	10939.57	27.123	0
7400	9.94	10922.19	27.121	0
7405	9.94	10925.34	27.116	0
7410	9.94	10948.27	27.111	0
7415	9.94	10928.51	27.11	0
7420	NaN	10948.56	27.108	0
7425	9.99	10933.38	27.105	0
7430	10	10964.44	27.103	0
7435	10	10950.84	27.102	0
7440	9.99	10942.32	27.1	0
7445	9.99	10940.32	27.1	0
7450	9.99	10943.67	27.099	0
7455	9.99	10957.22	27.095	0
7460	9.99	10979.31	27.093	0
7465	NaN	10972.31	27.091	0
7470	10.05	10969.04	27.089	0
7475	10.05	10973.49	27.088	0
7480	10.05	10983.44	27.085	0
7485	10.05	10989.4	27.083	0
7490	10.05	10993.34	27.08	0
7495	10.05	11001.79	27.079	0
7500	10.05	11002.68	27.076	0
7505	10.05	10992.91	27.073	0
7510	10.1	10988.8	27.069	0
7515	10.1	11000.38	27.068	0
7520	10.11	11009.48	27.066	0
7525	10.11	10994.26	27.064	0
7530	10.1	11001.28	27.062	0
7535	10.1	11007.78	27.06	0
7540	10.1	11022.23	27.057	0
7545	10.1	11030.92	27.055	0
7550	10.1	11007.91	27.052	0
7555	10.17	11019.38	27.051	1
